sample	chr	startpos	endpos	nMajor	nMinor
BH150711-1-148	3	63410	90473621	1	0
BH150711-1-148	3	93517442	136314119	3	0
BH150711-1-148	3	136324447	162319458	5	0
BH150711-1-148	3	162640496	197852564	5	0
BH150711-1-148	4	69403	49092454	1	0
BH150711-1-148	4	103714181	190915650	1	0
BH150711-1-148	6	204908	52281273	1	0
BH150711-1-148	6	54254098	170913051	1	0
BH150711-1-148	15	20161371	35410545	1	0
BH150711-1-148	15	38119293	42415270	1	0
BH150711-1-148	15	47448021	49968752	1	0
BH150711-1-148	15	50246912	62165127	1	0
BH150711-1-148	15	62465484	64470439	1	0
BH150711-1-148	15	64762592	70646062	1	0
BH150711-1-148	15	73159872	76528831	1	0
BH150711-1-148	15	86631007	91274575	1	0
BH150711-1-148	16	46461308	78607252	3	0
BH150711-1-148	16	78629319	90158005	1	0
BH150711-1-148	20	69093	14083904	2	0
BH150711-1-148	20	14481719	15136730	2	0
BH150711-1-148	20	15959832	25301022	2	0
BH150711-1-148	20	31308683	39577742	2	0
BH150711-1-148	20	39925034	54163498	2	0
BH150711-1-148	20	57481147	62912463	2	0
BH150711-1-152	1	754191	2235019	3	0
BH150711-1-152	1	2258472	3760309	2	0
BH150711-1-152	1	3762746	49731707	3	0
BH150711-1-152	1	50260629	159044651	3	0
BH150711-1-152	1	159092137	160458782	4	0
BH150711-1-152	1	160472138	170530657	3	0
BH150711-1-152	1	170535635	171135764	4	0
BH150711-1-152	1	171151990	220275378	3	0
BH150711-1-152	1	220512636	249212878	3	0
BH150711-1-152	2	21493	9130546	3	0
BH150711-1-152	2	9148777	12789884	2	0
BH150711-1-152	2	12797937	15901158	3	0
BH150711-1-152	2	17056463	61136129	3	0
BH150711-1-152	2	61178710	100410644	3	0
BH150711-1-152	2	100516101	141350065	3	0
BH150711-1-152	2	141440391	188924745	3	0
BH150711-1-152	2	189220517	199639129	3	0
BH150711-1-152	2	200701787	216193361	3	0
BH150711-1-152	2	216196044	218134109	4	0
BH150711-1-152	2	218146598	243052331	3	0
BH150711-1-152	3	86722822	88239031	3	0
BH150711-1-152	3	88249921	90473621	2	0
BH150711-1-152	3	93517442	163622235	3	0
BH150711-1-152	3	164101192	172773069	14	0
BH150711-1-152	3	172788827	197852564	3	0
BH150711-1-152	5	38138	8061279	2	0
BH150711-1-152	5	8067215	40699186	3	0
BH150711-1-152	5	40717841	41723377	4	0
BH150711-1-152	5	41736311	180698312	3	0
BH150711-1-152	6	204908	30987098	3	0
BH150711-1-152	6	31386056	170913051	3	0
BH150711-1-152	8	172416	20442868	3	0
BH150711-1-152	8	22108346	40431991	3	0
BH150711-1-152	8	41827087	57234009	3	0
BH150711-1-152	8	57238582	58685089	4	0
BH150711-1-152	8	58695806	64614436	3	0
BH150711-1-152	8	64625291	66443377	4	0
BH150711-1-152	8	66456540	80786439	3	0
BH150711-1-152	8	80800550	82441040	2	0
BH150711-1-152	8	82462247	110447930	3	0
BH150711-1-152	8	111578477	113385670	3	0
BH150711-1-152	8	113940333	120884536	3	0
BH150711-1-152	8	120885943	122352055	4	0
BH150711-1-152	8	122360846	138228273	3	0
BH150711-1-152	8	139253804	146292734	3	0
BH150711-1-152	9	204737	1911291	3	0
BH150711-1-152	9	1926443	3526374	4	0
BH150711-1-152	9	3541966	106459537	3	0
BH150711-1-152	9	107040712	121011467	3	0
BH150711-1-152	9	121025956	122081875	2	0
BH150711-1-152	9	122085937	130746210	3	0
BH150711-1-152	9	130764239	141054761	4	0
BH150711-1-152	12	189399	41052313	5	0
BH150711-1-152	12	41076016	49948759	3	0
BH150711-1-152	14	36732148	68325183	3	0
BH150711-1-152	14	68351338	106495970	3	0
BH150711-1-152	14	106583821	107185809	3	0
BH150711-1-152	15	20161371	57332971	4	0
BH150711-1-152	15	57442758	101879673	4	0
BH150711-1-152	15	101887766	102397317	5	0
BH150711-1-152	16	83886	32137965	4	0
BH150711-1-152	16	32529164	35271725	3	0
BH150711-1-152	16	46461308	90158005	4	0
BH150711-1-152	17	25326940	27061271	4	0
BH150711-1-152	17	46599034	47004723	1	0
BH150711-1-152	19	247231	1254735	0	0
BH150711-1-152	19	1256624	7252809	1	0
BH150711-1-152	19	27754572	40609975	4	0
BH150711-1-152	19	40811699	57963511	4	0
BH150711-1-152	19	58249303	59093239	4	0
BH150711-1-152	20	69093	62912463	6	0
BH150711-1-152	21	9648314	17447372	3	0
BH150711-1-152	21	17750787	23797794	3	0
BH150711-1-152	21	24362833	48097610	3	0
BH150711-1-152	22	16054712	21358522	4	0
BH150711-1-152	22	22585051	24341388	3	0
BH150711-1-152	22	24394087	29646439	3	0
BH150711-1-152	22	29841641	36140596	3	0
BH150711-1-152	22	36165104	49228547	4	0
BH150711-1-155	1	754191	59630555	3	0
BH150711-1-155	1	59635869	121350934	4	0
BH150711-1-155	1	144009052	150338988	3	0
BH150711-1-155	1	150343608	243661518	4	0
BH150711-1-155	1	243909134	249212878	4	0
BH150711-1-155	2	71064798	72472664	1	0
BH150711-1-155	2	170073988	243052331	3	0
BH150711-1-155	3	4294668	38641134	1	0
BH150711-1-155	3	93517442	133575865	4	0
BH150711-1-155	3	133941897	162319458	4	0
BH150711-1-155	3	162640496	197852564	4	0
BH150711-1-155	4	33725404	35130903	1	0
BH150711-1-155	5	38138	46401271	4	0
BH150711-1-155	5	49441965	50328257	3	0
BH150711-1-155	5	50345254	83064707	4	0
BH150711-1-155	5	83069018	169702390	3	0
BH150711-1-155	5	170538581	179292010	3	0
BH150711-1-155	5	179694679	180698312	3	0
BH150711-1-155	6	204908	16944623	4	0
BH150711-1-155	6	16959950	31472720	3	0
BH150711-1-155	6	31479125	58770502	4	0
BH150711-1-155	6	61886392	122428910	3	0
BH150711-1-155	6	122442021	127393207	4	0
BH150711-1-155	6	127419736	136770090	3	0
BH150711-1-155	6	145671076	146516537	1	0
BH150711-1-155	7	41420	55083362	4	0
BH150711-1-155	7	55175875	58025423	4	0
BH150711-1-155	7	61064517	66495124	3	0
BH150711-1-155	7	66509601	116328032	4	0
BH150711-1-155	8	172416	2896615	1	0
BH150711-1-155	8	3001198	13697822	1	0
BH150711-1-155	8	13706594	30731529	1	0
BH150711-1-155	8	48806340	86960882	3	0
BH150711-1-155	8	86992064	88080246	4	0
BH150711-1-155	8	88372322	113382793	4	0
BH150711-1-155	8	113404638	146292734	4	0
BH150711-1-155	9	204737	21985576	5	0
BH150711-1-155	9	22256665	27468461	5	0
BH150711-1-155	9	27488905	37315569	4	0
BH150711-1-155	9	37343114	44893094	3	0
BH150711-1-155	9	68170420	73525154	5	0
BH150711-1-155	9	73827805	75237006	5	0
BH150711-1-155	9	75563556	76459696	5	0
BH150711-1-155	9	76474008	77558307	6	0
BH150711-1-155	9	77824440	79768705	6	0
BH150711-1-155	9	80061641	82158289	6	0
BH150711-1-155	9	82547429	84470876	6	0
BH150711-1-155	9	84816052	87380673	6	0
BH150711-1-155	9	87428865	88128701	6	0
BH150711-1-155	9	88410440	94546564	6	0
BH150711-1-155	9	94558125	98905141	4	0
BH150711-1-155	9	98923267	100543880	3	0
BH150711-1-155	9	100571441	104943443	4	0
BH150711-1-155	9	105371954	106304253	4	0
BH150711-1-155	9	106993897	141054761	4	0
BH150711-1-155	10	126069	563472	3	0
BH150711-1-155	10	567324	81452943	4	0
BH150711-1-155	10	109667107	118525392	3	0
BH150711-1-155	10	118542570	135434303	4	0
BH150711-1-155	12	33126713	34828211	1	0
BH150711-1-155	12	52604450	57305580	3	0
BH150711-1-155	12	58383579	133818115	3	0
BH150711-1-155	13	66015941	67537493	4	0
BH150711-1-155	13	67821661	71557226	3	0
BH150711-1-155	13	71968487	74927913	3	0
BH150711-1-155	13	75451393	78413047	3	0
BH150711-1-155	13	78768347	84009602	3	0
BH150711-1-155	13	84654425	90279404	3	0
BH150711-1-155	13	90521108	93185910	4	0
BH150711-1-155	13	93204388	100150958	3	0
BH150711-1-155	13	107755642	115103150	3	0
BH150711-1-155	14	104126023	107282024	3	0
BH150711-1-155	15	20161371	34669162	4	0
BH150711-1-155	15	34669989	46406020	3	0
BH150711-1-155	15	46420018	63918279	4	0
BH150711-1-155	15	64098693	65076652	4	0
BH150711-1-155	15	65452553	102397317	4	0
BH150711-1-155	16	83886	6075429	4	0
BH150711-1-155	16	6343314	8533572	6	0
BH150711-1-155	16	8551760	32608733	4	0
BH150711-1-155	16	51000976	58871279	1	0
BH150711-1-155	17	25326940	29461396	4	0
BH150711-1-155	17	29704001	37610123	4	0
BH150711-1-155	17	37892840	41292739	3	0
BH150711-1-155	17	41310494	51406687	4	0
BH150711-1-155	17	52028900	57692689	4	0
BH150711-1-155	17	59408448	60538357	3	0
BH150711-1-155	17	60868967	63733729	4	0
BH150711-1-155	17	63748852	72551557	3	0
BH150711-1-155	17	72567955	80263427	4	0
BH150711-1-155	19	247231	6057298	1	0
BH150711-1-155	19	32255437	33514898	4	0
BH150711-1-155	19	33635760	34658999	4	0
BH150711-1-155	19	38524611	40553966	4	0
BH150711-1-155	19	40803998	41874669	3	0
BH150711-1-155	19	42104056	44637831	4	0
BH150711-1-155	19	44934488	59093239	4	0
BH150711-1-155	20	69093	9763329	4	0
BH150711-1-155	20	9821006	14042478	4	0
BH150711-1-155	20	14476047	15395353	4	0
BH150711-1-155	20	15438730	24572802	4	0
BH150711-1-155	20	24594268	37824273	3	0
BH150711-1-155	20	38103040	38923164	3	0
BH150711-1-155	21	9648314	16063744	4	0
BH150711-1-155	21	16450917	21234745	4	0
BH150711-1-155	21	21544574	24431707	4	0
BH150711-1-155	21	24752693	26476439	4	0
BH150711-1-155	21	26771219	48097610	4	0
BH150711-1-155	22	16054712	21432422	4	0
BH150711-1-155	22	21927063	22616687	4	0
BH150711-1-155	22	22744401	24341388	4	0
BH150711-1-155	22	24394087	26327243	4	0
BH150711-1-155	22	26631599	28860167	3	0
BH150711-1-155	22	29092719	29881468	4	0
BH150711-1-157	1	155322141	156066966	1	0
BH150711-1-157	1	176284749	195264079	2	0
BH150711-1-157	1	196947029	199694059	2	0
BH150711-1-157	2	196771453	243052331	1	0
BH150711-1-157	3	63410	90473621	1	0
BH150711-1-157	3	93517442	188683430	3	0
BH150711-1-157	3	188700074	197852564	4	0
BH150711-1-157	4	69403	190915650	1	0
BH150711-1-157	5	38138	12731349	4	0
BH150711-1-157	5	12752903	17516734	3	0
BH150711-1-157	5	85646627	180698312	1	0
BH150711-1-157	6	61886392	65338385	2	0
BH150711-1-157	6	65341035	170913051	1	0
BH150711-1-157	7	41420	6669926	1	0
BH150711-1-157	7	61064517	76288754	1	0
BH150711-1-157	7	96296614	98767927	3	0
BH150711-1-157	7	98772130	103607306	4	0
BH150711-1-157	7	103623936	107168335	5	0
BH150711-1-157	7	107182745	159118443	1	0
BH150711-1-157	10	34145769	36123601	1	0
BH150711-1-157	11	192763	50032877	1	0
BH150711-1-157	11	77730724	79259776	1	0
BH150711-1-157	11	79275127	80826074	3	0
BH150711-1-157	11	94466354	134938847	1	0
BH150711-1-157	12	5660336	22614557	1	0
BH150711-1-157	12	108565739	112955931	1	0
BH150711-1-157	13	19084822	73596658	1	0
BH150711-1-157	13	74274846	115103150	1	0
BH150711-1-157	15	35432871	38194856	2	0
BH150711-1-157	16	83886	4179531	1	0
BH150711-1-157	17	37086124	37626963	1	0
BH150711-1-157	19	293912	2381268	1	0
BH150711-1-157	19	5137845	9005719	1	0
BH150711-1-157	19	9058623	11893555	1	0
BH150711-1-157	19	12942749	13967542	1	0
BH150711-1-157	19	33808475	37353791	1	0
BH150711-1-157	19	39029186	41314720	1	0
BH150711-1-157	19	42626206	59093239	1	0
BH150711-1-157	20	29519155	35988457	1	0
BH150711-1-157	21	9648314	48097610	1	0
BH150711-1-157	22	41536451	51213826	1	0
BH150711-1-171	1	754191	43831545	6	0
BH150711-1-171	1	44230257	51218695	6	0
BH150711-1-171	1	51435945	196620941	6	0
BH150711-1-171	1	196947029	243829622	6	0
BH150711-1-171	1	243882182	249212878	6	0
BH150711-1-171	2	21493	212530514	4	0
BH150711-1-171	2	212566549	219080718	4	0
BH150711-1-171	2	219103579	219774700	3	0
BH150711-1-171	2	219785456	243052331	4	0
BH150711-1-171	3	63410	10212432	5	0
BH150711-1-171	3	10212493	13458322	4	0
BH150711-1-171	3	13493230	43014050	5	0
BH150711-1-171	3	43035160	49550774	4	0
BH150711-1-171	3	49555962	52472399	5	0
BH150711-1-171	3	52809524	86050795	5	0
BH150711-1-171	3	86411413	89977181	5	0
BH150711-1-171	3	90000152	162207853	6	0
BH150711-1-171	3	162619269	197852564	6	0
BH150711-1-171	4	69403	64440140	3	0
BH150711-1-171	4	64849630	75996206	3	0
BH150711-1-171	4	76417400	91280272	3	0
BH150711-1-171	4	91290772	92352498	4	0
BH150711-1-171	4	92368644	99451611	3	0
BH150711-1-171	4	99773334	117135380	3	0
BH150711-1-171	4	117636734	128182201	3	0
BH150711-1-171	4	128635998	162367270	3	0
BH150711-1-171	4	162612564	167019072	3	0
BH150711-1-171	4	167606778	168430159	3	0
BH150711-1-171	4	168775479	190915650	3	0
BH150711-1-171	5	38138	27208441	5	0
BH150711-1-171	5	27504454	30170441	5	0
BH150711-1-171	5	30190698	31366169	6	0
BH150711-1-171	5	31385489	45365071	5	0
BH150711-1-171	5	45381685	46401271	6	0
BH150711-1-171	5	49441965	102262210	5	0
BH150711-1-171	5	102590942	108714298	5	0
BH150711-1-171	5	109007556	119355007	5	0
BH150711-1-171	5	119366909	121233387	6	0
BH150711-1-171	5	121518308	122419344	6	0
BH150711-1-171	5	122734004	168496344	5	0
BH150711-1-171	5	168509731	170284939	4	0
BH150711-1-171	5	170289821	180698312	5	0
BH150711-1-171	6	204908	24158542	5	0
BH150711-1-171	6	24177922	46228267	4	0
BH150711-1-171	6	46236108	170913051	5	0
BH150711-1-171	7	41420	109287705	4	0
BH150711-1-171	7	109558436	159118443	4	0
BH150711-1-171	8	172416	79081279	4	0
BH150711-1-171	8	79384918	146292734	4	0
BH150711-1-171	9	204737	11937390	6	0
BH150711-1-171	9	12233559	24339398	6	0
BH150711-1-171	9	24832903	133651648	6	0
BH150711-1-171	9	133654039	134074909	5	0
BH150711-1-171	9	134081401	141054761	6	0
BH150711-1-171	10	126069	744591	4	0
BH150711-1-171	10	752192	135434303	5	0
BH150711-1-171	11	192763	51575951	4	0
BH150711-1-171	11	54795356	55620859	5	0
BH150711-1-171	11	55649711	98766350	4	0
BH150711-1-171	11	99216939	127561328	4	0
BH150711-1-171	11	127845086	134938847	4	0
BH150711-1-171	12	189399	6745315	5	0
BH150711-1-171	12	6749946	9786707	6	0
BH150711-1-171	12	9788571	23851822	5	0
BH150711-1-171	12	24115964	53160603	5	0
BH150711-1-171	12	53162527	53926262	4	0
BH150711-1-171	12	53938912	84792755	5	0
BH150711-1-171	12	85066176	133818115	5	0
BH150711-1-171	13	19084822	115103150	3	0
BH150711-1-171	14	20219082	42837705	4	0
BH150711-1-171	14	43127429	65746869	4	0
BH150711-1-171	14	66196947	106735842	4	0
BH150711-1-171	14	106836444	107282024	4	0
BH150711-1-171	15	20161371	56841967	6	0
BH150711-1-171	15	57146501	102397317	6	0
BH150711-1-171	16	83886	1087935	8	0
BH150711-1-171	16	1394429	6274614	8	0
BH150711-1-171	16	6403774	19486418	8	0
BH150711-1-171	16	20672334	22203948	8	0
BH150711-1-171	16	22625777	26961257	8	0
BH150711-1-171	16	27435205	31689679	8	0
BH150711-1-171	16	31707256	35271725	7	0
BH150711-1-171	16	46461308	55687212	8	0
BH150711-1-171	16	55991564	66472624	8	0
BH150711-1-171	16	66480428	68681792	7	0
BH150711-1-171	16	68685904	70823505	8	0
BH150711-1-171	16	71224164	73737373	8	0
BH150711-1-171	16	74044995	90158005	8	0
BH150711-1-171	17	400958	3797708	4	0
BH150711-1-171	17	4278834	5174795	4	0
BH150711-1-171	17	5276642	9304543	4	0
BH150711-1-171	17	9767380	16556473	4	0
BH150711-1-171	17	17300367	28086567	4	0
BH150711-1-171	17	28374058	51679272	4	0
BH150711-1-171	17	52000307	58361274	4	0
BH150711-1-171	17	58728042	63542742	4	0
BH150711-1-171	17	63595358	66414748	4	0
BH150711-1-171	17	67605759	68395219	4	0
BH150711-1-171	17	68684281	72912862	4	0
BH150711-1-171	17	73205975	80263427	4	0
BH150711-1-171	18	12841	35889631	5	0
BH150711-1-171	18	36370775	49311479	5	0
BH150711-1-171	18	49776004	55612002	5	0
BH150711-1-171	18	55626799	58006026	6	0
BH150711-1-171	18	58015316	69327949	5	0
BH150711-1-171	18	69747466	78007784	5	0
BH150711-1-171	19	247231	1218940	3	0
BH150711-1-171	19	1257270	24544320	3	0
BH150711-1-171	19	27754572	33540687	4	0
BH150711-1-171	19	33714368	43995239	4	0
BH150711-1-171	19	44055897	59093239	4	0
BH150711-1-171	20	69093	15713027	6	0
BH150711-1-171	20	15841176	30225357	6	0
BH150711-1-171	20	30232451	31425069	5	0
BH150711-1-171	20	31452955	62280738	6	0
BH150711-1-171	21	9648314	19402958	4	0
BH150711-1-171	21	19928068	48097610	4	0
BH150711-1-171	22	16054712	17922346	6	0
BH150711-1-171	22	18896300	19961926	6	0
BH150711-1-171	22	24427877	28882973	6	0
BH150711-1-171	22	29100710	31999127	6	0
BH150711-1-171	22	32011928	33181349	5	0
BH150711-1-171	22	33187341	40541981	6	0
BH150711-1-171	22	40876233	44924292	6	0
BH150711-1-171	22	45290199	46907616	6	0
BH150711-1-171	22	47961059	50948310	6	0
BH150711-1-173	1	46726056	51218695	2	0
BH150711-1-173	1	51883452	59204080	2	0
BH150711-1-173	3	83572307	90473621	2	0
BH150711-1-173	3	146983088	175206119	2	0
BH150711-1-173	3	175519083	197852564	2	0
BH150711-1-173	11	58942847	81093405	1	0
BH150711-1-173	14	106827734	107282024	1	0
BH150711-1-173	19	27754572	33540687	2	0
BH150711-1-173	19	37412886	41737996	2	0
BH150711-1-173	19	44932971	59093239	2	0
BH150711-1-177	1	46635148	120647620	2	0
BH150711-1-177	1	144945940	243719946	2	0
BH150711-1-177	11	192763	28700544	1	0
BH150711-1-177	11	66272141	134938847	1	0
BH150711-1-177	17	74740816	80263427	1	0
BH150711-1-178	1	144009052	249212878	3	0
BH150711-1-178	2	15212092	23713107	3	0
BH150711-1-178	2	100157661	143042956	1	0
BH150711-1-178	2	148303316	243052331	1	0
BH150711-1-178	3	63410	10420338	3	0
BH150711-1-178	3	10443089	36148330	2	0
BH150711-1-178	3	36166125	90107488	1	0
BH150711-1-178	3	129753911	162672041	3	0
BH150711-1-178	3	162690366	171186875	4	0
BH150711-1-178	3	171192424	181975033	5	0
BH150711-1-178	3	182287144	197852564	3	0
BH150711-1-178	4	69403	60153310	1	0
BH150711-1-178	4	116648155	190915650	1	0
BH150711-1-178	5	154518883	165603524	2	0
BH150711-1-178	5	165925810	170422587	2	0
BH150711-1-178	5	170640461	180698312	2	0
BH150711-1-178	6	204908	19038132	1	0
BH150711-1-178	6	44896802	55688299	2	0
BH150711-1-178	6	65687306	109793029	1	0
BH150711-1-178	6	110280617	126115383	1	0
BH150711-1-178	6	144519149	163007494	1	0
BH150711-1-178	6	163439655	170913051	1	0
BH150711-1-178	7	17875775	43705019	1	0
BH150711-1-178	7	113280096	146406379	1	0
BH150711-1-178	7	147900045	159118443	1	0
BH150711-1-178	8	172416	8625770	4	0
BH150711-1-178	8	8632956	13963152	3	0
BH150711-1-178	8	13984840	42721765	2	0
BH150711-1-178	8	46896971	60251038	2	0
BH150711-1-178	8	60542138	71754959	2	0
BH150711-1-178	8	72040467	72963296	1	0
BH150711-1-178	8	72982397	80553916	2	0
BH150711-1-178	8	80853060	84389871	2	0
BH150711-1-178	8	85706461	92992498	2	0
BH150711-1-178	8	93182600	99968257	2	0
BH150711-1-178	8	100092856	109415126	2	0
BH150711-1-178	8	109764327	113249552	2	0
BH150711-1-178	8	113821871	114290237	3	0
BH150711-1-178	8	114291486	137571578	2	0
BH150711-1-178	8	137855025	146292734	1	0
BH150711-1-178	9	204737	19782498	3	0
BH150711-1-178	9	139454144	141054761	3	0
BH150711-1-178	10	814215	3224809	1	0
BH150711-1-178	10	50935159	51788447	3	0
BH150711-1-178	11	192763	24089953	1	0
BH150711-1-178	11	81283669	134938847	1	0
BH150711-1-178	13	19084822	49143427	1	0
BH150711-1-178	15	20161371	102397317	3	0
BH150711-1-178	16	83886	2081703	3	0
BH150711-1-178	16	3101817	31926339	1	0
BH150711-1-178	16	46461308	48028306	1	0
BH150711-1-178	16	48032328	48827844	1	0
BH150711-1-178	16	48851379	51031876	1	0
BH150711-1-178	16	51320671	63270930	1	0
BH150711-1-178	16	63598165	75905492	1	0
BH150711-1-178	16	76198229	89617518	1	0
BH150711-1-178	17	56883292	80263427	3	0
BH150711-1-178	20	10671077	21985498	1	0
BH150711-1-178	20	34818340	62912463	1	0
BH150711-1-211	1	754191	49695123	3	0
BH150711-1-211	1	50010699	249212878	3	0
BH150711-1-211	3	122237605	162397761	4	0
BH150711-1-211	3	162690366	197852564	4	0
BH150711-1-211	4	69403	49092454	1	0
BH150711-1-211	5	38138	46401271	4	0
BH150711-1-211	11	29405984	35924203	3	0
BH150711-1-211	11	99792197	103014604	3	0
BH150711-1-211	11	103029515	134938847	1	0
BH150711-1-211	17	400958	22217883	1	0
BH150711-1-211	19	247231	24544320	1	0
BH150711-1-214	1	754191	17710800	3	0
BH150711-1-214	1	17712648	19075225	4	0
BH150711-1-214	1	19080505	49484622	3	0
BH150711-1-214	1	50010699	106197762	3	0
BH150711-1-214	1	106476237	121350934	3	0
BH150711-1-214	1	145275937	157737504	3	0
BH150711-1-214	1	157749543	159044651	4	0
BH150711-1-214	1	159092137	249212878	3	0
BH150711-1-214	2	21493	61101911	4	0
BH150711-1-214	2	61121569	230035014	4	0
BH150711-1-214	2	233529899	243052331	4	0
BH150711-1-214	3	63410	2681527	3	0
BH150711-1-214	3	37976699	47204518	1	0
BH150711-1-214	3	53259607	69871668	1	0
BH150711-1-214	3	70312783	89159719	1	0
BH150711-1-214	3	89977180	96296385	4	0
BH150711-1-214	3	96604591	179210229	4	0
BH150711-1-214	3	179546343	189281812	4	0
BH150711-1-214	3	189451611	197852564	4	0
BH150711-1-214	4	69403	47931591	3	0
BH150711-1-214	4	47948263	87613212	4	0
BH150711-1-214	4	87630517	88033352	8	0
BH150711-1-214	4	88037216	190915650	4	0
BH150711-1-214	5	38138	25984889	4	0
BH150711-1-214	5	26557759	83385090	4	0
BH150711-1-214	5	83696428	87141123	4	0
BH150711-1-214	5	87434076	89532463	4	0
BH150711-1-214	5	90024734	146707117	4	0
BH150711-1-214	5	146994312	170211251	4	0
BH150711-1-214	5	170538581	180698312	4	0
BH150711-1-214	6	204908	22751948	3	0
BH150711-1-214	6	24981222	45933157	3	0
BH150711-1-214	6	45945945	52534645	2	0
BH150711-1-214	6	52552326	56048416	3	0
BH150711-1-214	6	56064196	58770502	2	0
BH150711-1-214	6	61886392	76443399	3	0
BH150711-1-214	6	76473070	85402311	2	0
BH150711-1-214	6	85403955	90955995	3	0
BH150711-1-214	6	90976608	104993851	2	0
BH150711-1-214	6	105005792	120418253	3	0
BH150711-1-214	6	121733885	129015652	3	0
BH150711-1-214	6	129030046	133998430	2	0
BH150711-1-214	6	134013271	170913051	3	0
BH150711-1-214	7	41420	118770831	4	0
BH150711-1-214	7	119336373	159118443	4	0
BH150711-1-214	8	46896971	84357100	6	0
BH150711-1-214	8	85001129	105078342	6	0
BH150711-1-214	8	105097788	113928939	5	0
BH150711-1-214	8	113930088	146292734	6	0
BH150711-1-214	9	204737	8305558	8	0
BH150711-1-214	9	8306346	12272744	6	0
BH150711-1-214	9	12288919	44893094	8	0
BH150711-1-214	9	68170420	93609419	7	0
BH150711-1-214	9	93611083	128352593	8	0
BH150711-1-214	9	128521472	141054761	8	0
BH150711-1-214	10	126069	50076274	3	0
BH150711-1-214	10	50085427	57335764	4	0
BH150711-1-214	10	57357427	135434303	5	0
BH150711-1-214	11	192763	42171214	4	0
BH150711-1-214	11	42519683	55322539	4	0
BH150711-1-214	11	55620698	134938847	4	0
BH150711-1-214	12	189399	74842342	4	0
BH150711-1-214	12	75195708	133818115	4	0
BH150711-1-214	13	19084822	115103150	4	0
BH150711-1-214	14	20219082	47890962	4	0
BH150711-1-214	14	48358695	107282024	4	0
BH150711-1-214	15	20161371	65683659	4	0
BH150711-1-214	15	66169343	84503311	4	0
BH150711-1-214	15	84823901	97160465	4	0
BH150711-1-214	15	97456169	102397317	4	0
BH150711-1-214	16	83886	2303083	4	0
BH150711-1-214	16	2580835	31945186	4	0
BH150711-1-214	16	33568540	50767647	4	0
BH150711-1-214	16	50891144	64958672	4	0
BH150711-1-214	16	64975147	65854776	3	0
BH150711-1-214	16	65867501	90158005	4	0
BH150711-1-214	17	400958	56717956	3	0
BH150711-1-214	17	57496416	80263427	3	0
BH150711-1-214	18	12841	31061899	4	0
BH150711-1-214	18	31082213	31645379	3	0
BH150711-1-214	18	31660114	70021015	4	0
BH150711-1-214	18	70312747	78007784	4	0
BH150711-1-214	19	9146471	10894728	6	0
BH150711-1-214	19	13247460	20462595	4	0
BH150711-1-214	19	20828521	23130113	4	0
BH150711-1-214	19	23488799	29364908	4	0
BH150711-1-214	19	30058809	32764618	4	0
BH150711-1-214	19	33076614	40118028	4	0
BH150711-1-214	19	41515701	42591484	4	0
BH150711-1-214	19	42727324	59093239	4	0
BH150711-1-214	20	333972	9536488	4	0
BH150711-1-214	20	9586165	13278607	4	0
BH150711-1-214	20	13618381	14040363	4	0
BH150711-1-214	20	14042477	14514940	3	0
BH150711-1-214	20	14960693	18292818	4	0
BH150711-1-214	20	18682547	25041535	4	0
BH150711-1-214	20	25447930	30941372	4	0
BH150711-1-214	20	31189410	46148222	4	0
BH150711-1-214	20	46261084	55313606	4	0
BH150711-1-214	20	55618204	62912463	4	0
BH150711-1-214	21	9648314	23736902	3	0
BH150711-1-214	21	24469986	48097610	3	0
BH150711-1-214	22	18611222	24270585	9	0
BH150711-1-214	22	24314257	27662397	6	0
BH150711-1-214	22	27673210	30036814	5	0
BH150711-1-214	22	30041297	32176319	4	0
BH150711-1-214	22	32621468	39812986	4	0
BH150711-1-215	1	754191	29558230	1	0
BH150711-1-215	1	29569211	35090073	3	0
BH150711-1-215	2	200620762	243052331	1	0
BH150711-1-215	3	162344689	168244580	1	0
BH150711-1-215	3	168261914	169939512	3	0
BH150711-1-215	3	170001579	183943141	8	0
BH150711-1-215	3	183964029	197852564	1	0
BH150711-1-215	4	69403	139005538	1	0
BH150711-1-215	5	23056409	24486805	3	0
BH150711-1-215	5	28422660	30208431	6	0
BH150711-1-215	5	30218152	31143956	8	0
BH150711-1-215	5	31160946	32551899	10	0
BH150711-1-215	5	32568982	35391771	3	0
BH150711-1-215	5	35395997	43482815	1	0
BH150711-1-215	5	43504747	46401271	3	0
BH150711-1-215	5	49441965	93566534	1	0
BH150711-1-215	5	93589608	96791626	2	0
BH150711-1-215	5	100263194	180698312	1	0
BH150711-1-215	7	7493243	10910808	3	0
BH150711-1-215	7	65216126	71988130	1	0
BH150711-1-215	7	109216562	159118443	1	0
BH150711-1-215	8	172416	41496007	1	0
BH150711-1-215	10	34892549	39146676	1	0
BH150711-1-215	11	99828352	101558792	9	0
BH150711-1-215	11	101564617	104035622	12	0
BH150711-1-215	11	104041861	105574055	19	0
BH150711-1-215	11	105591416	134938847	1	0
BH150711-1-215	13	19861816	26547353	1	0
BH150711-1-215	13	28871885	64264804	1	0
BH150711-1-215	15	20161371	30367255	3	0
BH150711-1-215	15	30967895	47217047	1	0
BH150711-1-215	16	64797212	68038763	3	0
BH150711-1-215	16	68060473	75083697	1	0
BH150711-1-215	17	9915569	11793764	1	0
BH150711-1-215	17	52170956	54183867	3	0
BH150711-1-215	17	55275528	69260913	3	0
BH150711-1-215	17	69286680	80263427	1	0
BH150711-1-215	18	19408528	78007784	1	0
BH150711-1-215	19	27754572	41374690	3	0
BH150711-1-215	19	41704437	45657486	3	0
BH150711-1-215	19	45670098	54545531	1	0
BH150711-1-215	20	69093	14994408	1	0
BH150711-1-215	20	15365626	18005113	1	0
BH150711-1-215	20	18022076	24004662	1	0
BH150711-1-215	22	24394087	51213826	3	0
BH150711-1-217	1	754191	120435245	8	0
BH150711-1-217	1	120435770	145441620	7	0
BH150711-1-217	1	145461765	249212878	8	0
BH150711-1-217	2	21493	61084389	6	0
BH150711-1-217	2	61164728	141239345	6	0
BH150711-1-217	2	141278842	212646720	6	0
BH150711-1-217	2	212798419	243052331	6	0
BH150711-1-217	3	63410	85606962	6	0
BH150711-1-217	3	85621009	86593311	7	0
BH150711-1-217	3	86609266	162347085	6	0
BH150711-1-217	3	162640496	197852564	6	0
BH150711-1-217	4	69403	3089259	6	0
BH150711-1-217	4	3871774	38736550	3	0
BH150711-1-217	4	38758431	143641202	6	0
BH150711-1-217	4	143763355	190915650	6	0
BH150711-1-217	5	38138	42948276	6	0
BH150711-1-217	5	43531115	96897316	6	0
BH150711-1-217	5	97381373	129589886	6	0
BH150711-1-217	5	129604218	130892741	7	0
BH150711-1-217	5	130919750	180698312	6	0
BH150711-1-217	6	204908	51280278	6	0
BH150711-1-217	6	51295208	55390875	8	0
BH150711-1-217	6	55403928	56156125	6	0
BH150711-1-217	6	56179491	58770502	8	0
BH150711-1-217	6	61886392	96090328	3	0
BH150711-1-217	6	96390433	166086499	3	0
BH150711-1-217	6	166100117	170913051	6	0
BH150711-1-217	7	41420	126306081	6	0
BH150711-1-217	7	126393018	159118443	6	0
BH150711-1-217	8	172416	43767534	6	0
BH150711-1-217	8	46896971	47671072	5	0
BH150711-1-217	8	47689179	99925628	6	0
BH150711-1-217	8	99947233	100529826	7	0
BH150711-1-217	8	100556943	113299353	6	0
BH150711-1-217	8	113517622	114262675	6	0
BH150711-1-217	8	114269265	114778815	7	0
BH150711-1-217	8	114798384	146292734	6	0
BH150711-1-217	9	204737	141054761	6	0
BH150711-1-217	10	126069	75189586	6	0
BH150711-1-217	10	75645881	135434303	6	0
BH150711-1-217	11	192763	2935148	4	0
BH150711-1-217	11	2936483	37967664	5	0
BH150711-1-217	11	37983434	47077032	6	0
BH150711-1-217	11	47081731	47948570	4	0
BH150711-1-217	11	47965559	76988233	5	0
BH150711-1-217	11	77111942	119078886	5	0
BH150711-1-217	11	119080446	119971987	6	0
BH150711-1-217	11	119999754	134938847	5	0
BH150711-1-217	12	189399	133818115	6	0
BH150711-1-217	13	19084822	48914370	6	0
BH150711-1-217	13	48963783	115103150	6	0
BH150711-1-217	14	20219082	66547625	6	0
BH150711-1-217	14	66571456	67351062	8	0
BH150711-1-217	14	67352225	107282024	6	0
BH150711-1-217	15	20161371	24440199	6	0
BH150711-1-217	15	24787151	30351511	6	0
BH150711-1-217	15	30351846	31370637	5	0
BH150711-1-217	15	31384796	36219977	6	0
BH150711-1-217	15	36541360	62055753	6	0
BH150711-1-217	15	62439165	73750481	6	0
BH150711-1-217	15	74079039	98091365	6	0
BH150711-1-217	15	98377911	102397317	6	0
BH150711-1-217	16	83886	7652154	6	0
BH150711-1-217	16	7709535	14055380	6	0
BH150711-1-217	16	14354660	17959884	6	0
BH150711-1-217	16	18164651	25787111	6	0
BH150711-1-217	16	26074499	47077385	6	0
BH150711-1-217	16	47605853	59128323	6	0
BH150711-1-217	16	59147941	60370328	8	0
BH150711-1-217	16	60386292	61111476	7	0
BH150711-1-217	16	61132082	61983564	8	0
BH150711-1-217	16	62280521	63520776	8	0
BH150711-1-217	16	64412318	69650522	6	0
BH150711-1-217	16	69782676	73612411	6	0
BH150711-1-217	16	73900956	78086176	8	0
BH150711-1-217	16	78133193	90158005	6	0
BH150711-1-217	17	400958	5141800	6	0
BH150711-1-217	17	5269131	28936224	6	0
BH150711-1-217	17	29519015	30279540	6	0
BH150711-1-217	17	30454719	37899756	6	0
BH150711-1-217	17	37976468	54904121	6	0
BH150711-1-217	17	55198419	58725241	6	0
BH150711-1-217	17	59893496	61008762	6	0
BH150711-1-217	17	61328348	62185764	6	0
BH150711-1-217	17	62585064	63532914	6	0
BH150711-1-217	17	63595358	80263427	6	0
BH150711-1-217	18	12841	31488936	6	0
BH150711-1-217	18	31587855	62209213	6	0
BH150711-1-217	18	62219625	63653465	8	0
BH150711-1-217	18	63912141	78007784	6	0
BH150711-1-217	19	247231	10230032	6	0
BH150711-1-217	19	10556082	12480037	6	0
BH150711-1-217	19	12883304	19931040	6	0
BH150711-1-217	19	20873089	21900898	5	0
BH150711-1-217	19	23382989	24544320	5	0
BH150711-1-217	19	28492337	50348898	9	0
BH150711-1-217	19	50350989	50927570	8	0
BH150711-1-217	19	50941806	59093239	9	0
BH150711-1-217	20	69093	4655760	6	0
BH150711-1-217	20	5770918	6564919	7	0
BH150711-1-217	20	6589098	9298889	6	0
BH150711-1-217	20	9704942	13864421	6	0
BH150711-1-217	20	14247006	14679824	8	0
BH150711-1-217	20	15344180	31003186	6	0
BH150711-1-217	20	31015642	32870314	5	0
BH150711-1-217	20	33857710	43034660	6	0
BH150711-1-217	20	43347290	54128999	6	0
BH150711-1-217	20	54528146	57278450	6	0
BH150711-1-217	20	57459166	62912463	6	0
BH150711-1-217	21	9648314	18078340	6	0
BH150711-1-217	21	18091247	19080788	8	0
BH150711-1-217	21	19105344	22492431	6	0
BH150711-1-217	21	22509135	24627639	8	0
BH150711-1-217	21	24980691	26434727	8	0
BH150711-1-217	21	26737294	36182159	6	0
BH150711-1-217	21	36436717	38381464	6	0
BH150711-1-217	21	38670219	48097610	6	0
BH150711-1-217	22	16054712	18136803	6	0
BH150711-1-217	22	18628714	22116467	6	0
BH150711-1-217	22	22503897	24341388	6	0
BH150711-1-217	22	24394087	28170217	6	0
BH150711-1-217	22	28380587	32043630	6	0
BH150711-1-217	22	32355454	39899945	6	0
BH150711-1-217	22	40996366	42518382	6	0
BH150711-1-217	22	42592238	50444484	6	0
BH150711-1-22	1	1037046	19300198	2	0
BH150711-1-22	1	19305311	21099846	3	0
BH150711-1-22	1	21120949	24840768	2	0
BH150711-1-22	1	40289811	56701167	2	0
BH150711-1-22	1	63910451	78608894	1	0
BH150711-1-22	1	81048804	120608212	1	0
BH150711-1-22	1	229974347	236286070	1	0
BH150711-1-22	2	21493	830736	1	0
BH150711-1-22	2	57070213	61721474	2	0
BH150711-1-22	2	196005510	243052331	1	0
BH150711-1-22	3	63410	93517443	1	0
BH150711-1-22	3	149543939	152711260	1	0
BH150711-1-22	4	69403	190915650	1	0
BH150711-1-22	5	38138	7790217	3	0
BH150711-1-22	5	7794325	15922813	3	0
BH150711-1-22	5	15927343	30218153	4	0
BH150711-1-22	5	30800972	34377142	3	0
BH150711-1-22	5	44593166	46401271	2	0
BH150711-1-22	5	49441965	180698312	1	0
BH150711-1-22	6	75507931	112000162	2	0
BH150711-1-22	6	112020413	142093922	1	0
BH150711-1-22	7	41420	25119752	1	0
BH150711-1-22	7	25135816	26256777	5	0
BH150711-1-22	7	26264953	27267669	3	0
BH150711-1-22	7	27267904	32731386	2	0
BH150711-1-22	7	108585912	159118443	1	0
BH150711-1-22	8	172416	2796155	1	0
BH150711-1-22	8	2796809	36760984	1	0
BH150711-1-22	8	57683879	91446010	2	0
BH150711-1-22	8	104576329	146292734	2	0
BH150711-1-22	9	75783936	77599372	2	0
BH150711-1-22	9	134926154	139300547	2	0
BH150711-1-22	9	139478899	141054761	2	0
BH150711-1-22	10	126069	46177093	1	0
BH150711-1-22	10	48325606	89614148	1	0
BH150711-1-22	10	89617224	92486835	0	0
BH150711-1-22	10	92501649	135434303	1	0
BH150711-1-22	11	100759033	102196019	2	0
BH150711-1-22	12	49774559	133818115	1	0
BH150711-1-22	13	41076409	50244150	1	0
BH150711-1-22	14	67738074	72184751	1	0
BH150711-1-22	14	81294255	89186068	2	0
BH150711-1-22	16	65867501	66812797	2	0
BH150711-1-22	16	66826479	79783889	2	0
BH150711-1-22	16	79793330	90158005	3	0
BH150711-1-22	17	400958	37699378	1	0
BH150711-1-22	18	32302905	41191319	2	0
BH150711-1-22	18	41203941	65428683	1	0
BH150711-1-22	19	247231	17782217	1	0
BH150711-1-22	19	39666966	45955672	2	0
BH150711-1-22	19	46164171	59093239	2	0
BH150711-1-22	21	9648314	45595124	1	0
BH150711-1-22	22	30294743	51213826	1	0
BH150711-1-222	1	144946957	161622701	3	0
BH150711-1-222	2	175705444	187798160	4	0
BH150711-1-222	2	187813261	199559177	3	0
BH150711-1-222	2	199572780	212522651	1	0
BH150711-1-222	2	212555194	234529036	1	0
BH150711-1-222	2	234536636	235378731	0	0
BH150711-1-222	2	235392892	243052331	1	0
BH150711-1-222	3	57774558	60860509	1	0
BH150711-1-222	3	61234379	72012377	1	0
BH150711-1-222	3	72034234	72980177	0	0
BH150711-1-222	3	73004156	90473621	1	0
BH150711-1-222	3	93517442	147082427	3	0
BH150711-1-222	3	147370756	197852564	3	0
BH150711-1-222	4	69403	47465003	1	0
BH150711-1-222	4	47483468	48444367	3	0
BH150711-1-222	4	55586567	74978340	3	0
BH150711-1-222	4	74992296	75845127	5	0
BH150711-1-222	4	75872977	115490786	1	0
BH150711-1-222	4	115813012	190915650	1	0
BH150711-1-222	5	38138	3944907	4	0
BH150711-1-222	6	57611141	58770502	3	0
BH150711-1-222	6	61886392	63995298	5	0
BH150711-1-222	6	64024056	131401183	1	0
BH150711-1-222	6	131419345	132903745	1	0
BH150711-1-222	6	132915930	168173059	1	0
BH150711-1-222	6	168186400	169680742	0	0
BH150711-1-222	6	169697099	170913051	1	0
BH150711-1-222	7	61064517	82568079	1	0
BH150711-1-222	8	112487354	113229858	3	0
BH150711-1-222	9	204737	8305558	3	0
BH150711-1-222	10	128027300	129159848	1	0
BH150711-1-222	11	192763	12215182	1	0
BH150711-1-222	11	100955440	102518193	3	0
BH150711-1-222	11	102534556	114695923	1	0
BH150711-1-222	11	115477033	134938847	1	0
BH150711-1-222	13	19084822	69205485	1	0
BH150711-1-222	13	72493097	105458933	1	0
BH150711-1-222	13	105466487	115103150	3	0
BH150711-1-222	15	49293193	74252408	3	0
BH150711-1-222	15	74466465	102397317	3	0
BH150711-1-222	17	400958	2452850	1	0
BH150711-1-222	17	2468168	3533412	1	0
BH150711-1-222	17	3548783	6957633	1	0
BH150711-1-222	17	50946503	61357532	3	0
BH150711-1-222	17	61384438	62484764	4	0
BH150711-1-222	17	62488476	63117777	3	0
BH150711-1-222	17	63130004	66031900	2	0
BH150711-1-222	17	66056196	68718734	3	0
BH150711-1-222	17	69247924	78219733	1	0
BH150711-1-222	17	78222802	78661779	0	0
BH150711-1-222	17	78665404	80263427	1	0
BH150711-1-222	18	12841	2090517	9	0
BH150711-1-222	18	2110823	5415078	6	0
BH150711-1-222	18	5724505	19492426	1	0
BH150711-1-222	18	25730155	45256322	1	0
BH150711-1-222	18	45549278	57711489	1	0
BH150711-1-222	18	58040477	78007784	1	0
BH150711-1-222	19	31238356	43856593	3	0
BH150711-1-222	19	43876890	46088924	5	0
BH150711-1-222	21	37619723	38385585	3	0
BH150711-1-222	21	38399323	40326522	5	0
BH150711-1-222	21	40346965	42265551	1	0
BH150711-1-222	21	42762156	48097610	1	0
BH150711-1-222	22	32323510	36869013	1	0
BH150711-1-222	22	37347958	39676744	1	0
BH150711-1-222	22	39683443	41231053	0	0
BH150711-1-222	22	41232593	43964500	1	0
BH150711-1-222	22	44290526	46557161	1	0
BH150711-1-223	1	144009052	209330540	2	0
BH150711-1-223	1	209618108	249212878	2	0
BH150711-1-223	2	21493	3709108	1	0
BH150711-1-223	3	63410	18790702	2	0
BH150711-1-223	3	22417756	25946030	2	0
BH150711-1-223	3	26263755	50399013	2	0
BH150711-1-223	3	50733966	72040407	2	0
BH150711-1-223	3	93517442	97819206	2	0
BH150711-1-223	3	99410660	162397761	2	0
BH150711-1-223	3	162690366	167904894	2	0
BH150711-1-223	3	168234217	190695399	2	0
BH150711-1-223	3	192214468	197852564	2	0
BH150711-1-223	6	29006492	31330895	1	0
BH150711-1-223	6	32026768	42111321	1	0
BH150711-1-223	6	61886392	65583809	2	0
BH150711-1-223	6	65919597	102325173	2	0
BH150711-1-223	6	102617491	116354591	2	0
BH150711-1-223	6	142427364	170913051	1	0
BH150711-1-223	8	101950037	107677965	3	0
BH150711-1-223	8	107686071	114214399	2	0
BH150711-1-223	8	114230295	119959657	3	0
BH150711-1-223	8	119965069	121061879	2	0
BH150711-1-223	8	121063561	134541623	3	0
BH150711-1-223	8	134568730	141726700	2	0
BH150711-1-223	8	141729462	144772844	3	0
BH150711-1-223	8	144799257	146292734	2	0
BH150711-1-223	9	108059301	113582672	2	0
BH150711-1-223	14	22324163	22950248	1	0
BH150711-1-223	15	37173266	37913751	1	0
BH150711-1-223	15	38923006	39915163	1	0
BH150711-1-223	15	68289055	72499428	2	0
BH150711-1-223	15	100220126	102397317	2	0
BH150711-1-223	16	83886	17959884	2	0
BH150711-1-223	16	19033991	23757397	2	0
BH150711-1-223	17	400958	2261677	1	0
BH150711-1-223	17	2403990	12275047	1	0
BH150711-1-223	17	12289646	22217883	2	0
BH150711-1-224	1	754191	155083942	2	0
BH150711-1-224	1	156336791	249212878	2	0
BH150711-1-224	5	38138	25053641	2	0
BH150711-1-224	5	25612335	30125447	2	0
BH150711-1-224	5	30405067	46401271	2	0
BH150711-1-224	13	66988585	69716364	3	0
BH150711-1-224	16	83886	6282073	2	0
BH150711-1-224	16	6425751	10400286	2	0
BH150711-1-224	16	10633089	15131076	2	0
BH150711-1-224	16	15806917	21335763	2	0
BH150711-1-224	16	23630070	31566029	2	0
BH150711-1-224	16	72501145	82102289	2	0
BH150711-1-23	1	754191	2520302	3	0
BH150711-1-23	1	110231908	216042727	3	0
BH150711-1-23	1	216055492	249212878	4	0
BH150711-1-23	2	6172786	7277666	1	0
BH150711-1-23	2	198795862	243052331	1	0
BH150711-1-23	3	63410	90473621	1	0
BH150711-1-23	3	162640496	165761918	2	0
BH150711-1-23	3	165767740	184789142	4	0
BH150711-1-23	4	69403	44601764	1	0
BH150711-1-23	4	52684890	190915650	1	0
BH150711-1-23	5	38138	46401271	3	0
BH150711-1-23	6	204908	57435066	1	0
BH150711-1-23	6	67228451	68204963	3	0
BH150711-1-23	6	68220121	170913051	1	0
BH150711-1-23	17	41470682	49205236	2	0
BH150711-1-23	20	69093	15379676	3	0
BH150711-1-23	20	15448091	48663802	3	0
BH150711-1-23	20	49382254	62912463	3	0
BH150711-1-231	1	73613746	121350934	1	0
BH150711-1-231	3	63410	18921772	1	0
BH150711-1-231	3	19238170	32794053	1	0
BH150711-1-231	3	34662156	90473621	1	0
BH150711-1-231	3	114939911	116013900	3	0
BH150711-1-231	3	118799681	162481733	3	0
BH150711-1-231	3	162753441	191795236	3	0
BH150711-1-231	3	192142265	197852564	3	0
BH150711-1-231	4	69403	156492946	1	0
BH150711-1-231	4	185730298	190915650	1	0
BH150711-1-231	6	204908	4012385	3	0
BH150711-1-231	6	4031997	5562546	2	0
BH150711-1-231	6	5574318	27278020	3	0
BH150711-1-231	8	172416	38153847	1	0
BH150711-1-231	8	38160042	40501168	11	0
BH150711-1-231	8	42970938	43767534	1	0
BH150711-1-231	10	126069	22920183	1	0
BH150711-1-231	10	23093706	24283192	11	0
BH150711-1-231	10	24296764	36038275	3	0
BH150711-1-231	10	36045993	37494647	4	0
BH150711-1-231	11	1425909	17318307	3	0
BH150711-1-231	11	75081207	78323876	4	0
BH150711-1-231	11	79040247	84600597	1	0
BH150711-1-231	11	85007025	88442890	1	0
BH150711-1-231	11	88911695	99432625	1	0
BH150711-1-231	11	99455060	104261833	15	0
BH150711-1-231	11	104269210	105367129	11	0
BH150711-1-231	11	105390249	134938847	1	0
BH150711-1-231	14	21607929	22471906	3	0
BH150711-1-231	14	22479811	24611978	2	0
BH150711-1-231	14	24624190	106484807	3	0
BH150711-1-231	14	106576268	107282024	3	0
BH150711-1-231	15	20161371	102397317	1	0
BH150711-1-231	16	83886	7433110	1	0
BH150711-1-231	16	7447052	13119459	5	0
BH150711-1-231	16	13129101	14540040	6	0
BH150711-1-231	16	14549914	16291099	4	0
BH150711-1-231	16	17424292	18267149	4	0
BH150711-1-231	16	46461308	90158005	3	0
BH150711-1-231	19	1186449	2617422	1	0
BH150711-1-231	19	6232986	7249259	1	0
BH150711-1-231	19	22809790	23779133	1	0
BH150711-1-231	20	69093	26309255	1	0
BH150711-1-231	20	29519155	62912463	3	0
BH150711-1-231	21	37203686	38224537	6	0
BH150711-1-231	21	38261840	41489185	5	0
BH150711-1-231	21	41506057	48097610	1	0
BH150711-1-232	1	145115882	147830492	1	0
BH150711-1-232	2	21493	7702036	1	0
BH150711-1-232	2	7705236	33602571	2	0
BH150711-1-232	2	199572780	213068427	1	0
BH150711-1-232	3	63410	6043229	1	0
BH150711-1-232	3	55807254	74424317	1	0
BH150711-1-232	3	74440592	77903343	0	0
BH150711-1-232	3	77919804	79846428	1	0
BH150711-1-232	3	93517442	98028359	3	0
BH150711-1-232	3	104392413	107985359	3	0
BH150711-1-232	3	108159976	111800753	2	0
BH150711-1-232	3	112238695	113062548	3	0
BH150711-1-232	3	113080171	116999611	1	0
BH150711-1-232	3	167120999	197852564	2	0
BH150711-1-232	4	152322570	190915650	1	0
BH150711-1-232	5	175349079	180698312	1	0
BH150711-1-232	6	204908	16927529	1	0
BH150711-1-232	6	16931937	31479126	2	0
BH150711-1-232	6	32528025	35980121	2	0
BH150711-1-232	6	35990874	50636164	1	0
BH150711-1-232	6	51696581	52963071	1	0
BH150711-1-232	6	64185118	69240370	2	0
BH150711-1-232	6	69255381	170913051	1	0
BH150711-1-232	7	41420	54593497	1	0
BH150711-1-232	7	54618009	55491898	18	0
BH150711-1-232	7	55514818	57155738	11	0
BH150711-1-232	8	172416	32613983	1	0
BH150711-1-232	8	86389402	110878095	1	0
BH150711-1-232	8	110886914	139183980	3	0
BH150711-1-232	8	139197873	145000056	4	0
BH150711-1-232	8	145003701	146292734	3	0
BH150711-1-232	9	68170420	123540310	3	0
BH150711-1-232	9	123842872	141054761	3	0
BH150711-1-232	10	126069	12889696	1	0
BH150711-1-232	11	2807521	50635826	1	0
BH150711-1-232	11	101137947	107095179	3	0
BH150711-1-232	11	107110055	134938847	1	0
BH150711-1-232	12	189399	3019487	3	0
BH150711-1-232	12	15964691	34493468	1	0
BH150711-1-232	12	54417524	60053770	3	0
BH150711-1-232	12	61105784	84720059	2	0
BH150711-1-232	12	84955663	100353538	2	0
BH150711-1-232	12	131931342	133818115	1	0
BH150711-1-232	13	19084822	69542832	1	0
BH150711-1-232	14	22168401	46869797	1	0
BH150711-1-232	14	54652478	85173227	3	0
BH150711-1-232	16	46461308	52929034	1	0
BH150711-1-232	16	60781376	64163153	3	0
BH150711-1-232	16	64187706	67402588	2	0
BH150711-1-232	16	68790393	71988106	3	0
BH150711-1-232	16	79108044	90158005	3	0
BH150711-1-232	17	25326940	37461643	1	0
BH150711-1-232	17	73369421	80263427	1	0
BH150711-1-232	18	31127481	78007784	1	0
BH150711-1-232	19	51142105	53505921	3	0
BH150711-1-232	19	53522099	55033973	2	0
BH150711-1-232	19	55042627	59093239	3	0
BH150711-1-232	20	69093	8607426	1	0
BH150711-1-232	20	17080667	26309255	1	0
BH150711-1-232	22	17281930	21001422	2	0
BH150711-1-232	22	21280025	24341388	2	0
BH150711-1-232	22	24394087	25909204	2	0
BH150711-1-232	22	26207858	37902500	2	0
BH150711-1-232	22	38343142	40803367	2	0
BH150711-1-232	22	41050870	46496760	2	0
BH150711-1-232	22	46521998	51213826	1	0
BH150711-1-24	1	754191	17858384	2	0
BH150711-1-24	1	17973913	51841167	2	0
BH150711-1-24	1	52595383	110222219	2	0
BH150711-1-24	1	110275860	118823147	2	0
BH150711-1-24	1	119117473	174983633	2	0
BH150711-1-24	1	175010009	195042525	2	0
BH150711-1-24	1	195047215	249212878	2	0
BH150711-1-24	2	21493	89377801	2	0
BH150711-1-24	3	84731600	197852564	2	0
BH150711-1-24	4	69403	190915650	1	0
BH150711-1-24	5	38138	45272603	2	0
BH150711-1-24	9	204737	4981602	2	0
BH150711-1-24	9	5030608	18904163	2	0
BH150711-1-24	9	19486058	20405630	2	0
BH150711-1-24	9	20494510	21936059	2	0
BH150711-1-24	9	21978978	24316552	2	0
BH150711-1-24	9	24977200	26678360	2	0
BH150711-1-24	9	27114268	38089638	2	0
BH150711-1-24	11	192763	14679247	1	0
BH150711-1-24	11	15446813	48712685	1	0
BH150711-1-24	11	55470002	85786468	1	0
BH150711-1-24	11	86074315	125468824	1	0
BH150711-1-24	11	125533827	134938847	1	0
BH150711-1-24	12	189399	18497329	1	0
BH150711-1-24	12	18691631	34828211	1	0
BH150711-1-24	13	19084822	42997267	1	0
BH150711-1-24	15	49998681	54691556	2	0
BH150711-1-24	15	55065820	56152872	2	0
BH150711-1-24	15	56441359	59272053	2	0
BH150711-1-24	15	59580950	60611132	2	0
BH150711-1-24	15	60958301	62116866	2	0
BH150711-1-24	15	67760807	69564343	2	0
BH150711-1-24	15	84203401	91168261	2	0
BH150711-1-24	15	91301080	97841677	2	0
BH150711-1-24	15	98117180	99288559	2	0
BH150711-1-24	16	83886	1253529	2	0
BH150711-1-24	16	1546442	6359247	2	0
BH150711-1-24	16	6515492	9516684	2	0
BH150711-1-24	16	10453396	14013379	2	0
BH150711-1-24	16	14549914	18153745	2	0
BH150711-1-24	16	19514482	23589483	2	0
BH150711-1-24	16	24330094	25713789	2	0
BH150711-1-24	16	26004896	28591579	2	0
BH150711-1-24	16	28634704	31860399	2	0
BH150711-1-24	16	47047673	48303539	2	0
BH150711-1-24	16	48898185	50756774	2	0
BH150711-1-24	16	50861885	54927405	2	0
BH150711-1-24	16	55211549	58664065	2	0
BH150711-1-24	16	58956479	61382897	2	0
BH150711-1-24	16	61933400	63393909	2	0
BH150711-1-24	16	63697133	64859061	2	0
BH150711-1-24	16	65137093	67059547	2	0
BH150711-1-24	16	68275515	69530757	2	0
BH150711-1-24	16	71732344	73498994	2	0
BH150711-1-24	16	73805208	77894780	2	0
BH150711-1-24	16	78149172	80950459	2	0
BH150711-1-24	16	81252257	82868138	2	0
BH150711-1-24	16	82988976	84895651	2	0
BH150711-1-24	16	85065084	89009354	2	0
BH150711-1-24	16	89402472	90158005	2	0
BH150711-1-24	18	12841	7070642	2	0
BH150711-1-24	18	7264394	23489650	2	0
BH150711-1-24	19	247231	3040154	1	0
BH150711-1-24	19	6375830	8952131	1	0
BH150711-1-24	19	9058623	12439868	1	0
BH150711-1-24	19	12989559	19690722	1	0
BH150711-1-24	19	19971851	23519129	1	0
BH150711-1-24	19	28433001	31980288	2	0
BH150711-1-24	19	32565330	33777167	2	0
BH150711-1-24	19	33838511	36261928	2	0
BH150711-1-24	19	37693437	40248618	2	0
BH150711-1-24	19	40681386	41840828	2	0
BH150711-1-24	19	41845800	42691152	2	0
BH150711-1-24	19	42695025	45237812	2	0
BH150711-1-24	19	45241637	59093239	2	0
BH150711-1-24	20	69093	14707127	2	0
BH150711-1-24	20	14757482	26239964	2	0
BH150711-1-24	20	34860331	46224883	2	0
BH150711-1-24	20	46306847	54184403	2	0
BH150711-1-24	20	57442693	59071916	2	0
BH150711-1-24	20	59363111	62912463	2	0
BH150711-1-24	22	16054712	18055234	2	0
BH150711-1-24	22	18893630	21258292	2	0
BH150711-1-24	22	24943581	25787002	2	0
BH150711-1-24	22	29102966	31174383	2	0
BH150711-1-24	22	32909250	35274298	2	0
BH150711-1-24	22	35540422	37296536	2	0
BH150711-1-24	22	38012465	39019853	2	0
BH150711-1-24	22	40972546	41949259	2	0
BH150711-1-24	22	42237768	45117594	2	0
BH150711-1-24	22	48243437	49916533	2	0
BH150711-1-27	3	63410	90473621	1	0
BH150711-1-27	3	93517442	197852564	3	0
BH150711-1-27	4	69403	190915650	1	0
BH150711-1-27	5	38138	46401271	3	0
BH150711-1-27	5	75412417	136842117	1	0
BH150711-1-27	6	204908	34420150	1	0
BH150711-1-27	6	34722901	170913051	1	0
BH150711-1-27	15	20161371	29269681	1	0
BH150711-1-27	19	247231	9000852	1	0
BH150711-1-29	3	93517442	105377515	2	0
BH150711-1-29	3	106725716	117748947	2	0
BH150711-1-29	3	119645237	135333214	2	0
BH150711-1-29	3	136699560	137932509	2	0
BH150711-1-29	3	139992570	160331113	2	0
BH150711-1-29	3	160340208	197852564	3	0
BH150711-1-29	4	33799201	49092454	1	0
BH150711-1-29	5	170615016	180698312	1	0
BH150711-1-29	11	56206633	58295900	2	0
BH150711-1-29	11	69553603	85028187	1	0
BH150711-1-29	11	85327854	96516605	1	0
BH150711-1-29	11	96813298	102897892	1	0
BH150711-1-29	11	103233126	105975325	1	0
BH150711-1-29	11	106255342	134938847	1	0
BH150711-1-29	12	189399	9130807	2	0
BH150711-1-29	14	22324163	22956710	1	0
BH150711-1-29	15	90449475	102397317	2	0
BH150711-1-29	17	63748852	66223579	2	0
BH150711-1-29	17	66484460	73824121	2	0
BH150711-1-29	17	76784780	78947787	1	0
BH150711-1-29	17	79244801	80263427	1	0
BH150711-1-29	20	46814474	53420586	2	0
BH150711-1-29	20	53721017	62912463	2	0
BH150711-1-30	2	214556526	238495115	1	0
BH150711-1-30	3	10320864	69966239	1	0
BH150711-1-30	3	70027401	90473621	1	0
BH150711-1-30	3	162640496	168363205	2	0
BH150711-1-30	3	168380975	174367708	3	0
BH150711-1-30	3	174387303	197852564	2	0
BH150711-1-30	4	69403	49092454	1	0
BH150711-1-30	4	54054762	190915650	1	0
BH150711-1-30	5	38138	5436609	3	0
BH150711-1-30	5	6336396	28743348	3	0
BH150711-1-30	5	28763651	43374933	4	0
BH150711-1-30	5	43399163	45596358	2	0
BH150711-1-30	5	45614224	46401271	3	0
BH150711-1-30	5	49441965	180698312	1	0
BH150711-1-30	6	25991619	30180246	1	0
BH150711-1-30	7	117246635	128451004	1	0
BH150711-1-30	7	146870153	152773086	1	0
BH150711-1-30	8	124565202	146292734	2	0
BH150711-1-30	9	204737	141054761	1	0
BH150711-1-30	10	126069	13586031	3	0
BH150711-1-30	10	82431786	84121591	1	0
BH150711-1-30	11	88274729	91425123	3	0
BH150711-1-30	11	91443157	134938847	1	0
BH150711-1-30	13	19084822	63765360	1	0
BH150711-1-30	13	91162744	92702842	1	0
BH150711-1-30	13	100443423	115103150	2	0
BH150711-1-30	14	33731029	35402379	2	0
BH150711-1-30	14	35716131	36673875	3	0
BH150711-1-30	14	36686180	38219407	4	0
BH150711-1-30	14	38230746	81875109	3	0
BH150711-1-30	14	81890253	107282024	1	0
BH150711-1-30	15	55669783	102397317	1	0
BH150711-1-30	16	32577361	35271725	1	0
BH150711-1-30	17	400958	17002445	1	0
BH150711-1-30	17	18055228	19322062	1	0
BH150711-1-30	17	21736352	45082237	1	0
BH150711-1-30	17	45131530	48316434	2	0
BH150711-1-30	17	48327045	53467118	1	0
BH150711-1-30	17	55155123	58484573	1	0
BH150711-1-30	17	59920875	61008762	2	0
BH150711-1-30	17	62601287	63364241	2	0
BH150711-1-30	17	64011618	65410934	2	0
BH150711-1-30	17	65422142	71357810	3	0
BH150711-1-30	17	71362082	72454673	4	0
BH150711-1-30	17	72472078	73690287	5	0
BH150711-1-30	17	73716944	74828093	2	0
BH150711-1-30	17	77544722	78472929	0	0
BH150711-1-30	17	78805999	79793341	1	0
BH150711-1-30	20	69093	4514103	2	0
BH150711-1-30	20	4797408	14262828	2	0
BH150711-1-30	21	31812771	36978646	1	0
BH150711-1-33	1	51442136	150068071	2	0
BH150711-1-33	1	151004002	155992787	2	0
BH150711-1-33	1	156033350	179733193	2	0
BH150711-1-33	1	180113969	243754324	2	0
BH150711-1-33	2	45910949	47548429	1	0
BH150711-1-33	2	124113775	147275935	1	0
BH150711-1-33	2	201994539	202903806	1	0
BH150711-1-33	2	202909096	209951123	1	0
BH150711-1-33	2	209963628	226056101	1	0
BH150711-1-33	3	63410	89937757	1	0
BH150711-1-33	3	93517442	109052732	2	0
BH150711-1-33	3	109373080	142857875	2	0
BH150711-1-33	3	142872106	162319458	2	0
BH150711-1-33	3	162619269	168772837	2	0
BH150711-1-33	3	169190906	197852564	2	0
BH150711-1-33	4	69403	175008790	1	0
BH150711-1-33	4	175269522	190915650	1	0
BH150711-1-33	5	50392357	58710891	1	0
BH150711-1-33	5	59014022	78290682	1	0
BH150711-1-33	5	78691032	87342183	1	0
BH150711-1-33	5	87740892	90867681	1	0
BH150711-1-33	5	91765190	94118789	1	0
BH150711-1-33	6	30987097	31855749	1	0
BH150711-1-33	6	108149496	108850101	1	0
BH150711-1-33	6	149271124	151121760	1	0
BH150711-1-33	6	158015645	158822744	1	0
BH150711-1-33	9	126579916	127451057	1	0
BH150711-1-33	10	5386066	9053132	2	0
BH150711-1-33	10	83746283	95511934	1	0
BH150711-1-33	10	106281628	107612666	1	0
BH150711-1-33	11	39052761	50417549	1	0
BH150711-1-33	11	108183166	108589262	1	0
BH150711-1-33	12	118229730	130222811	1	0
BH150711-1-33	13	20223975	56297141	1	0
BH150711-1-33	13	56991975	62606955	1	0
BH150711-1-33	13	63655443	68526993	1	0
BH150711-1-33	13	70264576	75835859	1	0
BH150711-1-33	13	76357829	85552551	1	0
BH150711-1-33	13	85850643	96599271	1	0
BH150711-1-33	13	96805546	106168951	1	0
BH150711-1-33	13	106424697	108492593	1	0
BH150711-1-33	18	20248287	28504346	2	0
BH150711-1-33	18	50560266	60402122	2	0
BH150711-1-33	18	60662937	64445511	2	0
BH150711-1-33	21	14835271	19819016	2	0
BH150711-1-33	21	20160065	24886209	2	0
BH150711-1-33	21	25440307	29709364	2	0
BH150711-1-33	22	26075187	28170217	1	0
BH150711-1-33	22	28370540	29093977	1	0
BH150711-1-33	22	47444113	48832793	1	0
BH150711-1-36	1	144851598	219374030	2	0
BH150711-1-36	1	219383191	221007257	2	0
BH150711-1-36	1	221011316	249212878	2	0
BH150711-1-36	2	141349305	141940952	1	0
BH150711-1-36	2	203631358	212549429	1	0
BH150711-1-36	2	212571234	243052331	1	0
BH150711-1-36	3	63410	88354316	1	0
BH150711-1-36	3	88683451	90418473	1	0
BH150711-1-36	3	162640496	168363205	2	0
BH150711-1-36	3	168610856	180527105	2	0
BH150711-1-36	3	180544879	196867871	2	0
BH150711-1-36	3	196870580	197852564	2	0
BH150711-1-36	4	69403	863917	1	0
BH150711-1-36	4	867515	46940376	1	0
BH150711-1-36	4	47584681	49092454	1	0
BH150711-1-36	4	52684890	57295483	2	0
BH150711-1-36	4	57310923	58943651	4	0
BH150711-1-36	4	59362259	87215161	1	0
BH150711-1-36	4	87228941	87908497	1	0
BH150711-1-36	4	88037216	91754361	1	0
BH150711-1-36	4	92456568	94022134	1	0
BH150711-1-36	4	94043907	135337387	1	0
BH150711-1-36	4	135723923	143602404	1	0
BH150711-1-36	4	143699840	190915650	1	0
BH150711-1-36	5	38138	30469128	3	0
BH150711-1-36	5	30500321	46401271	3	0
BH150711-1-36	5	65185013	66714011	1	0
BH150711-1-36	5	130215910	131367610	1	0
BH150711-1-36	7	33118702	34021755	1	0
BH150711-1-36	8	81069854	113587068	2	0
BH150711-1-36	8	113587643	146292734	2	0
BH150711-1-36	10	126069	13605368	2	0
BH150711-1-36	14	20219082	64364350	2	0
BH150711-1-36	16	49737094	67768558	1	0
BH150711-1-36	16	68099945	84736879	1	0
BH150711-1-36	16	85464061	90158005	1	0
BH150711-1-36	17	57999214	59886992	2	0
BH150711-1-36	17	59893496	73739121	3	0
BH150711-1-36	17	73757401	75721715	1	0
BH150711-1-36	17	76114853	77951619	1	0
BH150711-1-36	17	78277313	80263427	1	0
BH150711-1-36	19	8660282	9588621	2	0
BH150711-1-36	19	10238263	12399733	2	0
BH150711-1-36	19	12404575	14038102	2	0
BH150711-1-36	20	333972	25724328	2	0
BH150711-1-37	1	28262277	29491088	2	0
BH150711-1-37	1	29503213	31049746	2	0
BH150711-1-37	1	31062294	33088441	2	0
BH150711-1-37	1	33099797	35446335	2	0
BH150711-1-37	1	35467032	46605369	2	0
BH150711-1-37	1	46629652	49289290	2	0
BH150711-1-37	1	50010699	62578917	2	0
BH150711-1-37	1	62579822	63900901	2	0
BH150711-1-37	1	63910451	98588753	2	0
BH150711-1-37	1	98890680	120474899	2	0
BH150711-1-37	1	144852909	179122725	2	0
BH150711-1-37	1	179126138	181482758	2	0
BH150711-1-37	1	181484542	189939749	2	0
BH150711-1-37	1	190330334	203250860	2	0
BH150711-1-37	1	203454621	227399214	2	0
BH150711-1-37	1	227486432	249212878	2	0
BH150711-1-37	3	63410	49490488	1	0
BH150711-1-37	3	49790543	79531271	1	0
BH150711-1-37	3	80134094	88354316	1	0
BH150711-1-37	3	88751745	89688393	1	0
BH150711-1-37	3	134445417	162319458	2	0
BH150711-1-37	3	162640496	169689687	2	0
BH150711-1-37	3	169954713	193114643	2	0
BH150711-1-37	3	193129806	197852564	2	0
BH150711-1-37	4	69403	33277150	1	0
BH150711-1-37	4	33607378	43043513	1	0
BH150711-1-37	4	43058963	44149564	1	0
BH150711-1-37	4	44302393	48712506	1	0
BH150711-1-37	6	64368448	97388643	1	0
BH150711-1-37	6	97787551	111731210	1	0
BH150711-1-37	6	111963702	170913051	1	0
BH150711-1-37	8	121989761	146292734	2	0
BH150711-1-37	10	106033438	135434303	2	0
BH150711-1-37	11	192763	21766173	1	0
BH150711-1-37	11	22085945	26953208	1	0
BH150711-1-37	11	26967414	31272156	2	0
BH150711-1-37	11	84799478	89990909	1	0
BH150711-1-37	11	90397560	120379057	1	0
BH150711-1-37	11	120398612	123171353	1	0
BH150711-1-37	11	123183968	134938847	1	0
BH150711-1-37	13	62660298	67457661	2	0
BH150711-1-37	13	67786075	75942130	2	0
BH150711-1-37	13	76868683	115103150	2	0
BH150711-1-37	15	63705373	64775002	1	0
BH150711-1-37	18	12841	14908175	1	0
BH150711-1-37	21	18461215	19506651	2	0
BH150711-1-38	1	754191	6271790	3	0
BH150711-1-38	1	6541169	15830059	3	0
BH150711-1-38	1	16285341	20972340	3	0
BH150711-1-38	1	119146883	228425874	3	0
BH150711-1-38	1	228549408	249212878	3	0
BH150711-1-38	3	63410	52618319	1	0
BH150711-1-38	3	52765645	90473621	1	0
BH150711-1-38	3	107894678	137831220	3	0
BH150711-1-38	3	137837556	140081123	2	0
BH150711-1-38	3	140094983	146954985	3	0
BH150711-1-38	3	146966846	148836573	2	0
BH150711-1-38	3	148853476	162440045	3	0
BH150711-1-38	3	162726431	169329676	3	0
BH150711-1-38	3	169345666	170460859	4	0
BH150711-1-38	3	170488797	188479752	3	0
BH150711-1-38	3	188868752	196366964	3	0
BH150711-1-38	6	204908	170913051	1	0
BH150711-1-38	7	41420	596136	3	0
BH150711-1-38	7	2252985	14008831	3	0
BH150711-1-38	7	15010231	23705430	3	0
BH150711-1-38	7	23996766	35354260	3	0
BH150711-1-38	7	35361075	36657230	4	0
BH150711-1-38	7	36661422	55223176	3	0
BH150711-1-38	7	57558164	65875085	3	0
BH150711-1-38	7	92273535	99827148	3	0
BH150711-1-38	7	100004445	109081747	3	0
BH150711-1-38	7	109297611	113453447	3	0
BH150711-1-38	7	113577706	118612923	3	0
BH150711-1-38	7	119326226	129171540	3	0
BH150711-1-38	7	129407260	159118443	3	0
BH150711-1-38	8	172416	2119247	3	0
BH150711-1-38	10	75731505	76511108	1	0
BH150711-1-38	11	192763	26538774	1	0
BH150711-1-38	15	63705373	64685207	1	0
BH150711-1-38	16	63918567	86889621	3	0
BH150711-1-38	16	86904000	90158005	4	0
BH150711-1-38	18	24804362	78007784	1	0
BH150711-1-38	19	22651072	23441936	1	0
BH150711-1-38	20	69093	14100277	2	0
BH150711-1-38	20	14102081	14887230	3	0
BH150711-1-38	20	15837099	23530035	2	0
BH150711-1-38	20	31205770	44181161	2	0
BH150711-1-38	20	44516443	55682387	2	0
BH150711-1-38	20	55997734	59954530	2	0
BH150711-1-38	20	59972541	60765364	3	0
BH150711-1-39	1	144865849	214704670	2	0
BH150711-1-39	1	214716478	225909711	1	0
BH150711-1-39	1	225914430	228402663	2	0
BH150711-1-39	2	25669516	60846858	2	0
BH150711-1-39	2	175082307	208438560	2	0
BH150711-1-39	3	63410	10128635	2	0
BH150711-1-39	3	10214731	12085149	2	0
BH150711-1-39	3	37089648	44425991	2	0
BH150711-1-39	3	44445340	48496758	1	0
BH150711-1-39	3	52863604	95455361	1	0
BH150711-1-39	3	96453549	111687756	1	0
BH150711-1-39	3	111951377	119808256	1	0
BH150711-1-39	3	119809604	123332340	3	0
BH150711-1-39	3	123339833	143132388	2	0
BH150711-1-39	3	143144567	145223635	3	0
BH150711-1-39	3	145250033	197852564	3	0
BH150711-1-39	4	134358916	143136573	1	0
BH150711-1-39	4	143612818	190915650	1	0
BH150711-1-39	5	32852871	42438161	2	0
BH150711-1-39	5	49571012	58886873	1	0
BH150711-1-39	5	60910889	78878379	1	0
BH150711-1-39	5	110269207	112593347	1	0
BH150711-1-39	5	129997195	134076812	1	0
BH150711-1-39	5	166210222	170523807	1	0
BH150711-1-39	5	170695284	180698312	1	0
BH150711-1-39	6	64524150	67873082	2	0
BH150711-1-39	6	78172991	93610077	1	0
BH150711-1-39	6	169600987	170913051	1	0
BH150711-1-39	7	6467450	31108896	1	0
BH150711-1-39	7	35807731	55065119	1	0
BH150711-1-39	7	55097729	56561698	1	0
BH150711-1-39	7	76414539	136010946	2	0
BH150711-1-39	7	136023237	137565799	2	0
BH150711-1-39	7	137574331	159118443	2	0
BH150711-1-39	8	85850074	87003929	1	0
BH150711-1-39	8	106492617	114066489	2	0
BH150711-1-39	8	120102625	146292734	2	0
BH150711-1-39	9	97227544	140164376	2	0
BH150711-1-39	10	46965150	48319641	2	0
BH150711-1-39	10	77436667	89656527	1	0
BH150711-1-39	11	192763	24290818	1	0
BH150711-1-39	11	71927411	134938847	1	0
BH150711-1-39	12	876287	9826022	2	0
BH150711-1-39	12	58187757	96918345	2	0
BH150711-1-39	12	97311820	111838962	2	0
BH150711-1-39	12	112652005	133818115	2	0
BH150711-1-39	13	26291451	32972380	2	0
BH150711-1-39	13	33191370	35888329	2	0
BH150711-1-39	13	35905593	48880031	1	0
BH150711-1-39	13	49114532	94568278	1	0
BH150711-1-39	13	94573329	97586040	2	0
BH150711-1-39	13	97786267	101016517	2	0
BH150711-1-39	13	101214374	105001126	2	0
BH150711-1-39	13	105243809	115103150	2	0
BH150711-1-39	14	42941407	50786004	2	0
BH150711-1-39	15	64706258	102397317	2	0
BH150711-1-39	16	16727504	21337217	2	0
BH150711-1-39	17	6957632	22076098	1	0
BH150711-1-39	17	42294721	56169763	2	0
BH150711-1-39	17	56720751	74442650	2	0
BH150711-1-39	18	12841	4396466	2	0
BH150711-1-39	18	60565891	68373110	2	0
BH150711-1-39	19	1402334	2587576	1	0
BH150711-1-39	19	33908716	38610721	2	0
BH150711-1-39	19	38997322	45260214	2	0
BH150711-1-39	19	45365910	49071756	2	0
BH150711-1-39	19	49477166	50646549	1	0
BH150711-1-39	19	50651679	59093239	2	0
BH150711-1-39	20	69093	14405653	2	0
BH150711-1-39	20	14473425	18369847	2	0
BH150711-1-39	20	18804651	24383099	2	0
BH150711-1-39	21	15787737	19402958	2	0
BH150711-1-39	21	19722127	20568346	2	0
BH150711-1-39	21	21197604	22557624	2	0
BH150711-1-39	21	45386032	48097610	1	0
BH150711-1-39	22	22697489	24341388	2	0
BH150711-1-39	22	24681554	31543260	2	0
BH150711-1-39	22	32116382	39526296	2	0
BH150711-1-39	22	40256485	46458123	2	0
BH150711-1-39	22	46473739	51213826	1	0
BH150711-1-40	1	147038228	154119742	2	0
BH150711-1-40	1	154285051	168330577	2	0
BH150711-1-40	1	170677497	227312132	2	0
BH150711-1-40	1	235451171	242986063	2	0
BH150711-1-40	1	246550964	248111787	2	0
BH150711-1-40	2	199766348	212746350	1	0
BH150711-1-40	2	213045239	227653948	1	0
BH150711-1-40	2	230262081	243052331	1	0
BH150711-1-40	3	63410	50155468	1	0
BH150711-1-40	3	50628930	77022269	1	0
BH150711-1-40	3	77400004	89374060	1	0
BH150711-1-40	3	164452361	169283495	1	0
BH150711-1-40	4	2145719	7061378	1	0
BH150711-1-40	4	8925414	44338598	1	0
BH150711-1-40	5	55445128	81733989	1	0
BH150711-1-40	5	87679051	128237050	1	0
BH150711-1-40	5	130788641	153877690	1	0
BH150711-1-40	6	204908	15328073	1	0
BH150711-1-40	6	31556708	46699292	1	0
BH150711-1-40	6	49823986	95396303	1	0
BH150711-1-40	6	107554380	134101494	1	0
BH150711-1-40	6	162427461	162889975	1	0
BH150711-1-40	6	163158831	170913051	1	0
BH150711-1-40	7	135960580	141851610	2	0
BH150711-1-40	7	141870133	145744026	2	0
BH150711-1-40	7	145753153	147779648	2	0
BH150711-1-40	7	148064885	149300487	5	0
BH150711-1-40	8	172416	30326612	1	0
BH150711-1-40	8	36718618	43105716	1	0
BH150711-1-40	8	43111088	85706462	2	0
BH150711-1-40	8	85983867	89276078	2	0
BH150711-1-40	8	89585047	146292734	2	0
BH150711-1-40	9	91399820	106590181	2	0
BH150711-1-40	9	107807158	123225926	2	0
BH150711-1-40	9	131647893	136023229	2	0
BH150711-1-40	11	41873696	46612524	1	0
BH150711-1-40	11	47447345	50628916	1	0
BH150711-1-40	11	65900776	77968674	1	0
BH150711-1-40	11	120018742	131374225	1	0
BH150711-1-40	11	131657769	134938847	1	0
BH150711-1-40	12	189399	1072390	2	0
BH150711-1-40	12	1543589	57963700	2	0
BH150711-1-40	13	89797610	97841268	1	0
BH150711-1-40	13	98035265	102787662	1	0
BH150711-1-40	13	107133381	108454595	2	0
BH150711-1-40	14	21626165	22435602	1	0
BH150711-1-40	14	22442225	22961854	1	0
BH150711-1-40	14	22975107	25781614	1	0
BH150711-1-40	14	29639301	31621374	1	0
BH150711-1-40	14	32341905	50322886	1	0
BH150711-1-40	14	50351055	52641187	2	0
BH150711-1-40	14	67383093	106531400	1	0
BH150711-1-40	14	106648423	107282024	1	0
BH150711-1-40	17	2887138	18628975	1	0
BH150711-1-40	19	22809790	24369562	1	0
BH150711-1-40	20	69093	5003526	2	0
BH150711-1-40	20	5128988	15299632	2	0
BH150711-1-40	20	15367113	16027873	2	0
BH150711-1-40	20	16160140	32938085	2	0
BH150711-1-40	20	33273402	35360639	2	0
BH150711-1-40	20	35665558	42291567	2	0
BH150711-1-40	20	42431898	62912463	2	0
BH150711-1-40	21	23850154	25548837	2	0
BH150711-1-40	21	41436644	46864887	1	0
BH150711-1-40	22	22245289	23599869	1	0
BH150711-1-40	22	23805129	28575543	1	0
BH150711-1-40	22	37348720	40881793	1	0
BH150711-1-41	1	754191	16061804	2	0
BH150711-1-41	1	16380868	54375701	2	0
BH150711-1-41	1	54407520	80119354	3	0
BH150711-1-41	1	80421923	113770426	3	0
BH150711-1-41	1	113790447	114523465	2	0
BH150711-1-41	1	114532456	120918861	3	0
BH150711-1-41	1	145115882	176459709	2	0
BH150711-1-41	1	176472637	197685151	3	0
BH150711-1-41	1	197727297	242740810	2	0
BH150711-1-41	1	243039291	247997613	2	0
BH150711-1-41	1	248004774	249212878	3	0
BH150711-1-41	6	41254627	42613379	1	0
BH150711-1-41	6	46254792	170913051	3	0
BH150711-1-41	8	114041367	114965111	2	0
BH150711-1-41	9	204737	8311859	2	0
BH150711-1-41	9	8397267	11716862	2	0
BH150711-1-41	9	11727019	17296822	3	0
BH150711-1-41	9	17723014	21942357	3	0
BH150711-1-41	9	22054014	37707392	3	0
BH150711-1-41	9	37729785	76191829	2	0
BH150711-1-41	9	76878886	80432182	2	0
BH150711-1-41	9	80561270	120792413	2	0
BH150711-1-41	9	121539062	131735559	2	0
BH150711-1-41	9	131747710	132657519	3	0
BH150711-1-41	9	132869343	133694418	3	0
BH150711-1-41	9	133695374	141054761	2	0
BH150711-1-41	13	39152325	67221376	1	0
BH150711-1-41	13	67240805	69851490	1	0
BH150711-1-41	13	69862653	105813691	1	0
BH150711-1-41	14	67077038	67994383	2	0
BH150711-1-41	16	83886	35071580	2	0
BH150711-1-41	16	49913092	55156505	2	0
BH150711-1-41	18	12841	29754749	3	0
BH150711-1-41	18	30201044	58226713	3	0
BH150711-1-41	18	58736988	66740190	3	0
BH150711-1-41	18	67009393	68459549	3	0
BH150711-1-41	18	68735005	78007784	3	0
BH150711-1-41	20	69093	26179660	3	0
BH150711-1-41	20	26183035	62912463	2	0
BH150711-1-41	21	20276516	22191210	2	0
BH150711-1-45	1	3760308	18962095	2	0
BH150711-1-45	1	29708232	45765649	2	0
BH150711-1-45	1	46629652	121181997	2	0
BH150711-1-45	1	144940760	249212878	2	0
BH150711-1-45	2	21493	16110943	2	0
BH150711-1-45	2	39247288	45111054	2	0
BH150711-1-45	2	203696280	243052331	1	0
BH150711-1-45	3	48926160	50328303	1	0
BH150711-1-45	3	50699191	69826774	1	0
BH150711-1-45	3	93517442	119622014	2	0
BH150711-1-45	3	138234453	197852564	2	0
BH150711-1-45	4	177677844	179611902	1	0
BH150711-1-45	5	15707131	17110554	1	0
BH150711-1-45	8	42468217	43711748	2	0
BH150711-1-45	8	49695774	51576668	2	0
BH150711-1-45	11	192763	3251516	1	0
BH150711-1-45	11	107095178	122996050	1	0
BH150711-1-45	12	95796723	133818115	1	0
BH150711-1-45	14	20219082	42664028	2	0
BH150711-1-45	14	42941407	106072697	2	0
BH150711-1-45	14	106168204	106779252	2	0
BH150711-1-45	15	20161371	25098376	2	0
BH150711-1-45	15	25855100	35462981	2	0
BH150711-1-45	15	35676309	64775002	2	0
BH150711-1-45	15	72470838	102397317	2	0
BH150711-1-45	17	2247981	8025979	1	0
BH150711-1-45	17	8198503	14338703	1	0
BH150711-1-45	17	15371905	20805784	1	0
BH150711-1-45	17	36115578	37681332	2	0
BH150711-1-45	17	59917388	60851080	2	0
BH150711-1-45	17	61170173	67286723	2	0
BH150711-1-45	17	67604231	80263427	2	0
BH150711-1-45	19	247231	4391485	1	0
BH150711-1-45	19	4597412	12735329	1	0
BH150711-1-45	19	16769767	19931040	2	0
BH150711-1-45	19	24468846	30253998	2	0
BH150711-1-45	19	30312581	37597395	2	0
BH150711-1-45	19	37617608	38823202	2	0
BH150711-1-45	19	38990145	40358097	2	0
BH150711-1-45	19	40681386	45946399	2	0
BH150711-1-45	19	46158512	59093239	2	0
BH150711-1-45	20	69093	7142997	2	0
BH150711-1-45	20	7730023	13228071	2	0
BH150711-1-45	20	13618381	14076233	2	0
BH150711-1-45	20	14159441	14619087	2	0
BH150711-1-45	20	14678134	15220900	2	0
BH150711-1-45	20	15365626	15914464	2	0
BH150711-1-45	20	15941431	20995600	2	0
BH150711-1-45	20	21946927	29899742	2	0
BH150711-1-45	20	30533948	32654562	2	0
BH150711-1-45	20	33306903	47681257	2	0
BH150711-1-45	20	47920651	62912463	2	0
BH150711-1-45	21	9648314	19515784	2	0
BH150711-1-45	21	20160065	24463774	2	0
BH150711-1-45	21	24752693	29112663	2	0
BH150711-1-45	21	29417761	31812772	2	0
BH150711-1-45	21	32120467	37839410	2	0
BH150711-1-45	21	38580308	48097610	2	0
BH150711-1-45	22	16054712	24341388	1	0
BH150711-1-45	22	24394087	51213826	1	0
BH150711-1-46	2	209361152	243052331	1	0
BH150711-1-46	3	162561291	176279847	5	0
BH150711-1-46	3	176293997	181535581	6	0
BH150711-1-46	3	181545694	197852564	5	0
BH150711-1-46	5	45272602	46401271	1	0
BH150711-1-46	7	98987146	100428437	2	0
BH150711-1-46	7	100461564	145438726	1	0
BH150711-1-46	7	145903215	159118443	1	0
BH150711-1-46	8	112528406	114052153	2	0
BH150711-1-46	8	114066488	146292734	2	0
BH150711-1-46	11	66560022	72021632	2	0
BH150711-1-46	11	72037906	83687910	1	0
BH150711-1-46	11	84001722	103898584	1	0
BH150711-1-46	11	104269210	118393396	1	0
BH150711-1-46	11	118395732	118966521	1	0
BH150711-1-46	11	118971250	119959144	1	0
BH150711-1-46	11	119971986	134938847	1	0
BH150711-1-46	16	83886	15928024	2	0
BH150711-1-46	17	26531352	27296269	3	0
BH150711-1-46	17	27320105	28724938	2	0
BH150711-1-46	17	29386227	38325394	2	0
BH150711-1-46	17	38339463	40215978	2	0
BH150711-1-46	17	40226749	43376506	1	0
BH150711-1-46	17	77167410	80263427	1	0
BH150711-1-46	19	10299391	11925094	2	0
BH150711-1-47	2	203137346	210314046	1	0
BH150711-1-47	2	210775972	212517581	1	0
BH150711-1-47	2	213255416	243052331	1	0
BH150711-1-47	3	63410	17963984	1	0
BH150711-1-47	3	17967202	37145174	1	0
BH150711-1-47	3	37164646	60352975	1	0
BH150711-1-47	3	60357821	60791815	1	0
BH150711-1-47	3	60794470	77536146	1	0
BH150711-1-47	3	77539217	78714118	1	0
BH150711-1-47	3	79076669	84664410	1	0
BH150711-1-47	3	85307960	88126984	1	0
BH150711-1-47	3	162702813	180097855	2	0
BH150711-1-47	3	180331434	197852564	2	0
BH150711-1-47	4	81906023	91039894	1	0
BH150711-1-47	4	94142498	112077613	1	0
BH150711-1-47	4	113150558	115306803	1	0
BH150711-1-47	4	118088124	127781598	1	0
BH150711-1-47	4	128132033	143346319	1	0
BH150711-1-47	4	144617841	162439632	1	0
BH150711-1-47	4	163016722	190915650	1	0
BH150711-1-47	6	204908	30391949	1	0
BH150711-1-47	6	30419830	31300045	5	0
BH150711-1-47	6	31301614	32441008	4	0
BH150711-1-47	6	32527745	44805377	2	0
BH150711-1-47	6	45456980	62535877	2	0
BH150711-1-47	6	62876584	64394689	2	0
BH150711-1-47	6	64411813	67798649	1	0
BH150711-1-47	6	67820438	116611852	1	0
BH150711-1-47	6	117157773	133969151	1	0
BH150711-1-47	6	133982441	134537590	1	0
BH150711-1-47	6	134538762	170913051	1	0
BH150711-1-47	8	172416	3460941	1	0
BH150711-1-47	8	3580081	13939354	1	0
BH150711-1-47	8	14215024	33034045	1	0
BH150711-1-47	8	48869594	83546036	2	0
BH150711-1-47	8	84226090	113343641	2	0
BH150711-1-47	8	113368624	114318878	2	0
BH150711-1-47	8	114396336	128747118	2	0
BH150711-1-47	8	128778176	146292734	2	0
BH150711-1-47	9	204737	11129708	2	0
BH150711-1-47	9	11477862	26410031	2	0
BH150711-1-47	10	126069	13432194	1	0
BH150711-1-47	10	89737100	93778269	1	0
BH150711-1-47	10	94056094	135434303	1	0
BH150711-1-47	11	192763	21258359	1	0
BH150711-1-47	11	21261449	50766362	1	0
BH150711-1-47	11	105975324	108098563	1	0
BH150711-1-47	11	108213679	134938847	1	0
BH150711-1-47	12	5678867	34300466	1	0
BH150711-1-47	12	71911520	73669855	2	0
BH150711-1-47	12	76153434	80943669	2	0
BH150711-1-47	12	81191841	86548197	2	0
BH150711-1-47	12	87589339	105841605	2	0
BH150711-1-47	13	19084822	28607989	1	0
BH150711-1-47	13	28681354	48900262	1	0
BH150711-1-47	13	49003141	70285687	1	0
BH150711-1-47	13	70849152	95748221	1	0
BH150711-1-47	13	95768386	115103150	2	0
BH150711-1-47	14	67099620	67633012	2	0
BH150711-1-47	15	98452411	102397317	2	0
BH150711-1-47	16	48294570	62699411	1	0
BH150711-1-47	17	56492799	60459666	2	0
BH150711-1-47	17	60813244	65569352	2	0
BH150711-1-47	17	79639197	80263427	1	0
BH150711-1-47	20	26224650	43716859	2	0
BH150711-1-47	20	49203894	62912463	2	0
BH150711-1-48	1	146784644	150861960	2	0
BH150711-1-48	1	150870449	158517353	3	0
BH150711-1-48	1	158520736	249212878	2	0
BH150711-1-48	3	97737024	162319458	2	0
BH150711-1-48	3	162619269	197852564	2	0
BH150711-1-48	12	1462849	112847509	2	0
BH150711-1-48	12	112893994	133818115	2	0
BH150711-1-48	13	19084822	83289234	2	0
BH150711-1-48	13	86931399	115103150	2	0
BH150711-1-48	14	22354768	23011465	1	0
BH150711-1-48	15	91301080	102397317	2	0
BH150711-1-48	16	6079058	8285828	2	0
BH150711-1-48	16	8577336	14578296	2	0
BH150711-1-48	16	15051159	21323115	2	0
BH150711-1-48	16	23716766	27423501	2	0
BH150711-1-48	16	48748514	62170005	2	0
BH150711-1-48	16	63038464	67114330	2	0
BH150711-1-48	16	72757435	90158005	2	0
BH150711-1-48	19	14138211	21818817	2	0
BH150711-1-48	19	52633469	59093239	2	0
BH150711-1-48	20	36015194	50446692	2	0
BH150711-1-48	20	50744998	53533978	2	0
BH150711-1-48	20	53823567	60572663	2	0
BH150711-1-48	21	17309933	23298169	2	0
BH150711-1-48	21	25894734	30264959	2	0
BH150711-1-48	21	32120467	35088804	2	0
BH150711-1-48	21	35246922	48097610	2	0
BH150711-1-50	1	228116280	228715780	2	0
BH150711-1-50	3	90418472	197852564	3	0
BH150711-1-50	4	18131244	92615579	1	0
BH150711-1-50	4	117975108	134984561	1	0
BH150711-1-50	4	143763355	167850572	1	0
BH150711-1-50	4	168823764	175676638	1	0
BH150711-1-50	4	176329527	190915650	1	0
BH150711-1-50	5	45596357	50048822	1	0
BH150711-1-50	8	109028237	110273192	1	0
BH150711-1-50	8	141992777	146292734	2	0
BH150711-1-50	10	126069	50778694	1	0
BH150711-1-50	10	51111278	56408258	1	0
BH150711-1-50	10	56764750	68237143	1	0
BH150711-1-50	10	68577368	89488678	1	0
BH150711-1-50	10	89584675	135434303	1	0
BH150711-1-50	11	192763	134938847	1	0
BH150711-1-50	13	19084822	32779977	1	0
BH150711-1-50	13	32798952	40123584	1	0
BH150711-1-50	13	40132276	73789717	1	0
BH150711-1-50	14	46029146	47070873	1	0
BH150711-1-50	15	20161371	84629477	1	0
BH150711-1-50	15	84641124	86278597	1	0
BH150711-1-50	15	86288672	102397317	1	0
BH150711-1-50	16	33863684	35177956	1	0
BH150711-1-50	17	400958	17177463	1	0
BH150711-1-50	17	17494014	20057726	1	0
BH150711-1-50	17	20057958	29111368	1	0
BH150711-1-50	17	29473809	37685401	1	0
BH150711-1-50	17	37830649	58634950	1	0
BH150711-1-50	17	59288895	63798011	1	0
BH150711-1-50	17	64257043	80167917	1	0
BH150711-1-50	18	64985352	66326742	1	0
BH150711-1-50	19	247231	18110890	1	0
BH150711-1-50	19	19254170	41333251	1	0
BH150711-1-50	19	41382713	42676481	1	0
BH150711-1-50	19	42722067	59093239	1	0
BH150711-1-50	20	69093	15053067	1	0
BH150711-1-50	20	15120322	15848155	1	0
BH150711-1-50	20	16209522	26258187	1	0
BH150711-1-50	20	26309254	30440688	2	0
BH150711-1-50	20	30459438	32300924	3	0
BH150711-1-50	20	32308274	33545745	2	0
BH150711-1-50	20	33565168	62912463	3	0
BH150711-1-50	22	16054712	21264425	1	0
BH150711-1-50	22	21330607	24341388	1	0
BH150711-1-50	22	24394087	36165105	1	0
BH150711-1-50	22	36500898	47325818	1	0
BH150711-1-51	1	102014567	110044458	1	0
BH150711-1-51	1	110061047	117754219	1	0
BH150711-1-51	1	144940760	147283701	2	0
BH150711-1-51	1	147292365	156181770	2	0
BH150711-1-51	1	156202172	195224639	2	0
BH150711-1-51	1	195233011	249212878	2	0
BH150711-1-51	2	204890827	212305570	1	0
BH150711-1-51	2	212425512	243052331	1	0
BH150711-1-51	3	63410	3446963	1	0
BH150711-1-51	3	3474110	10285888	1	0
BH150711-1-51	3	10302171	12218523	1	0
BH150711-1-51	3	12233481	78990607	1	0
BH150711-1-51	3	78993405	88711759	1	0
BH150711-1-51	3	89505733	135624570	2	0
BH150711-1-51	3	135647536	137600246	2	0
BH150711-1-51	3	137609814	163810778	2	0
BH150711-1-51	3	164101192	174149425	2	0
BH150711-1-51	3	174171884	180253736	2	0
BH150711-1-51	3	180949142	188711067	2	0
BH150711-1-51	3	188726821	192094744	2	0
BH150711-1-51	3	192105054	197852564	2	0
BH150711-1-51	4	1947323	18457063	1	0
BH150711-1-51	4	18851113	23031623	1	0
BH150711-1-51	4	135275564	136717977	1	0
BH150711-1-51	4	136729729	143072215	1	0
BH150711-1-51	4	143072556	146023900	1	0
BH150711-1-51	4	146036841	179661007	1	0
BH150711-1-51	6	204908	21999300	2	0
BH150711-1-51	6	74736292	93416453	1	0
BH150711-1-51	6	93432324	125243347	1	0
BH150711-1-51	7	41420	159118443	2	0
BH150711-1-51	11	25287388	49010832	1	0
BH150711-1-51	12	111823178	112885045	1	0
BH150711-1-51	13	36773631	58848220	1	0
BH150711-1-51	13	58861683	72028266	1	0
BH150711-1-51	14	20219082	22152534	2	0
BH150711-1-51	14	22158636	32310065	2	0
BH150711-1-51	14	32330853	32898974	2	0
BH150711-1-51	14	32903615	37121004	2	0
BH150711-1-51	14	37142553	41784968	2	0
BH150711-1-51	14	43671885	49095550	2	0
BH150711-1-51	14	49120186	62953711	2	0
BH150711-1-51	14	63252367	68317854	2	0
BH150711-1-51	14	68746426	87626510	2	0
BH150711-1-51	14	88232545	106779252	2	0
BH150711-1-51	18	12841	1258951	2	0
BH150711-1-51	18	34491523	42565149	1	0
BH150711-1-51	18	42579937	62051788	1	0
BH150711-1-51	18	62090070	69442269	1	0
BH150711-1-51	18	69453143	78007784	1	0
BH150711-1-51	20	69093	14470659	2	0
BH150711-1-51	20	14992541	62912463	2	0
BH150711-1-52	1	156247906	227468208	2	0
BH150711-1-52	1	228331039	249212878	2	0
BH150711-1-52	3	63410	74582701	1	0
BH150711-1-52	3	74597228	79373890	1	0
BH150711-1-52	3	79666205	88974863	1	0
BH150711-1-52	3	93517442	104948123	2	0
BH150711-1-52	3	104966714	105478852	2	0
BH150711-1-52	3	105486254	125743671	2	0
BH150711-1-52	3	125755449	127689918	2	0
BH150711-1-52	3	127709068	162319458	2	0
BH150711-1-52	3	162619269	197852564	2	0
BH150711-1-52	4	69403	15537585	1	0
BH150711-1-52	4	15552197	37766932	1	0
BH150711-1-52	4	38604806	87322336	1	0
BH150711-1-52	4	87336775	89629066	1	0
BH150711-1-52	4	89639031	183132796	1	0
BH150711-1-52	4	183143951	190915650	1	0
BH150711-1-52	5	38138	24037074	2	0
BH150711-1-52	6	45303492	50522228	2	0
BH150711-1-52	6	64242258	105502549	1	0
BH150711-1-52	6	105506241	110686893	1	0
BH150711-1-52	6	110695113	115049875	1	0
BH150711-1-52	6	115373059	155598989	1	0
BH150711-1-52	6	155624597	170913051	1	0
BH150711-1-52	11	192763	24986207	1	0
BH150711-1-52	11	48238301	49280481	2	0
BH150711-1-52	11	73638857	85114973	1	0
BH150711-1-52	11	85688208	105640104	1	0
BH150711-1-52	11	105650983	108240069	1	0
BH150711-1-52	11	108643852	127799447	1	0
BH150711-1-52	11	128081709	134938847	1	0
BH150711-1-52	12	49195123	50199949	1	0
BH150711-1-52	13	19084822	70204603	1	0
BH150711-1-52	13	70830317	115103150	1	0
BH150711-1-52	15	20161371	31863960	1	0
BH150711-1-52	15	64789798	65739683	1	0
BH150711-1-52	16	62239208	63758205	2	0
BH150711-1-52	17	400958	5237012	1	0
BH150711-1-52	17	5238072	11734151	1	0
BH150711-1-52	17	11761674	21003053	1	0
BH150711-1-52	17	68179473	69476861	2	0
BH150711-1-52	17	70309342	80263427	1	0
BH150711-1-53	1	754191	7289959	2	0
BH150711-1-53	1	145260907	249212878	2	0
BH150711-1-53	2	175878991	179606538	1	0
BH150711-1-53	2	179623576	182451737	1	0
BH150711-1-53	2	182454461	184384952	1	0
BH150711-1-53	2	184390973	198573612	1	0
BH150711-1-53	2	198582600	212424019	1	0
BH150711-1-53	2	212425512	214117303	1	0
BH150711-1-53	2	214137151	242701415	1	0
BH150711-1-53	3	76727544	78677038	2	0
BH150711-1-53	3	93517442	97166289	3	0
BH150711-1-53	3	97182307	152324643	2	0
BH150711-1-53	3	152341094	162319458	3	0
BH150711-1-53	3	162619269	173155123	3	0
BH150711-1-53	3	174112211	197852564	3	0
BH150711-1-53	4	360025	27610776	1	0
BH150711-1-53	4	27613829	43148953	1	0
BH150711-1-53	4	43161601	48487814	1	0
BH150711-1-53	6	362094	62046190	3	0
BH150711-1-53	6	62058305	65828172	2	0
BH150711-1-53	6	65852489	67653117	1	0
BH150711-1-53	6	67661007	74019376	1	0
BH150711-1-53	6	77571432	170913051	1	0
BH150711-1-53	9	75540186	76909190	2	0
BH150711-1-53	11	56003098	99604442	2	0
BH150711-1-53	11	99616123	102804933	4	0
BH150711-1-53	11	102809220	109342809	1	0
BH150711-1-53	11	109357058	134938847	1	0
BH150711-1-53	12	189399	17748833	1	0
BH150711-1-53	12	17764717	23388126	1	0
BH150711-1-53	12	23409069	32121276	1	0
BH150711-1-53	14	82870109	84199093	2	0
BH150711-1-53	17	400958	21516719	1	0
BH150711-1-53	22	16054712	21188732	2	0
BH150711-1-53	22	22116466	24341388	1	0
BH150711-1-53	22	24394087	40495473	1	0
BH150711-1-53	22	40511669	45259209	1	0
BH150711-1-53	22	45265237	50957462	1	0
BH150711-1-54	3	63410	90473621	1	0
BH150711-1-54	3	93517442	197852564	2	0
BH150711-1-54	4	69403	49092454	1	0
BH150711-1-54	14	22360856	23000062	1	0
BH150711-1-54	18	12841	14903483	1	0
BH160037-1-118	1	1037046	9267927	2	0
BH160037-1-118	1	9593040	23994201	1	0
BH160037-1-118	1	46602843	93411707	2	0
BH160037-1-118	1	109656419	117910682	1	0
BH160037-1-118	2	170569751	184866291	3	0
BH160037-1-118	2	184868937	215515539	1	0
BH160037-1-118	2	215537605	240020509	1	0
BH160037-1-118	2	240038995	243052331	1	0
BH160037-1-118	3	60352974	60888559	1	0
BH160037-1-118	3	122684038	140567177	3	0
BH160037-1-118	3	140589149	163669357	1	0
BH160037-1-118	3	167085465	197852564	3	0
BH160037-1-118	4	69403	48598393	1	0
BH160037-1-118	4	70507155	71587615	2	0
BH160037-1-118	4	71602819	73537045	3	0
BH160037-1-118	4	73556347	74607055	4	0
BH160037-1-118	4	74628454	136905204	1	0
BH160037-1-118	4	143766163	190915650	1	0
BH160037-1-118	5	38138	8955823	4	0
BH160037-1-118	5	8968309	43982605	3	0
BH160037-1-118	5	49441965	57818163	1	0
BH160037-1-118	5	58388212	168812424	1	0
BH160037-1-118	5	168837487	180698312	3	0
BH160037-1-118	6	204908	40348653	3	0
BH160037-1-118	6	143375886	162748555	1	0
BH160037-1-118	6	162889974	170913051	1	0
BH160037-1-118	7	41420	30151428	1	0
BH160037-1-118	7	138828496	159118443	1	0
BH160037-1-118	8	61419727	73967013	1	0
BH160037-1-118	8	76299352	77697692	1	0
BH160037-1-118	9	204737	18978625	3	0
BH160037-1-118	10	48663339	51095301	1	0
BH160037-1-118	10	51785727	135434303	1	0
BH160037-1-118	11	192763	24116195	1	0
BH160037-1-118	11	64017416	66481264	3	0
BH160037-1-118	11	98600661	108863213	2	0
BH160037-1-118	11	109404754	134938847	1	0
BH160037-1-118	12	189399	21470297	3	0
BH160037-1-118	13	22369043	23204892	3	0
BH160037-1-118	13	23220203	67221376	1	0
BH160037-1-118	13	110492671	111060475	2	0
BH160037-1-118	13	111061883	115103150	3	0
BH160037-1-118	14	67015347	67622570	2	0
BH160037-1-118	14	78982052	83125986	2	0
BH160037-1-118	15	35787693	45495912	1	0
BH160037-1-118	15	86477768	102397317	3	0
BH160037-1-118	16	84690466	90158005	3	0
BH160037-1-118	17	400958	22217883	1	0
BH160037-1-118	18	12841	6156278	3	0
BH160037-1-118	18	67552588	78007784	1	0
BH160037-1-118	19	3143692	5359211	1	0
BH160037-1-149	1	5036776	16267040	1	0
BH160037-1-149	1	16285341	17616132	0	0
BH160037-1-149	1	17619278	32992268	1	0
BH160037-1-149	18	12841	15377471	1	0
BH160037-1-149	18	18554306	25018607	4	0
BH160037-1-149	18	25033052	63545342	1	0
BH160037-1-149	18	63551126	65692295	1	0
BH160037-1-149	18	65696217	75183352	1	0
BH160037-1-149	18	75605398	78007784	1	0
BH160037-1-149	22	16054712	25647601	1	0
BH160037-1-149	22	25944477	51213826	1	0
BH160037-1-172	1	144936741	156040075	4	0
BH160037-1-172	1	156181769	249212878	4	0
BH160037-1-172	2	198621505	201833620	3	0
BH160037-1-172	2	202066123	213545855	1	0
BH160037-1-172	2	213981114	243052331	1	0
BH160037-1-172	3	50080438	56692321	1	0
BH160037-1-172	3	56715362	58552950	0	0
BH160037-1-172	3	58564436	76457301	1	0
BH160037-1-172	3	150378857	162815612	4	0
BH160037-1-172	3	163337160	170605730	4	0
BH160037-1-172	3	170608940	176330279	6	0
BH160037-1-172	3	176350995	178963077	3	0
BH160037-1-172	3	178982968	197852564	4	0
BH160037-1-172	4	69403	49092454	1	0
BH160037-1-172	4	52684890	54153814	3	0
BH160037-1-172	4	54173132	58421116	4	0
BH160037-1-172	4	58446381	61351184	5	0
BH160037-1-172	4	61371577	145024799	1	0
BH160037-1-172	4	145520607	190915650	1	0
BH160037-1-172	5	49740855	180698312	1	0
BH160037-1-172	7	129857819	159118443	2	0
BH160037-1-172	8	172416	18521720	1	0
BH160037-1-172	8	18742712	43767534	1	0
BH160037-1-172	9	204737	20379884	4	0
BH160037-1-172	9	20464361	21785018	2	0
BH160037-1-172	9	21933630	24598119	4	0
BH160037-1-172	9	24614811	34028285	2	0
BH160037-1-172	9	140310341	141054761	5	0
BH160037-1-172	11	192763	22847485	1	0
BH160037-1-172	11	22867827	24324926	4	0
BH160037-1-172	11	88616936	91581283	1	0
BH160037-1-172	11	91585709	92918587	0	0
BH160037-1-172	11	92949446	119114370	1	0
BH160037-1-172	11	119119044	119586418	0	0
BH160037-1-172	11	119608315	127094532	1	0
BH160037-1-172	11	127657070	134938847	1	0
BH160037-1-172	12	38652518	39483502	1	0
BH160037-1-172	13	38769316	115103150	1	0
BH160037-1-172	14	44755673	68236522	3	0
BH160037-1-172	14	68297099	74406310	4	0
BH160037-1-172	14	74424937	78504004	3	0
BH160037-1-172	14	78521842	79422317	4	0
BH160037-1-172	14	79432264	106779252	3	0
BH160037-1-172	16	55656354	60124006	3	0
BH160037-1-172	16	60427284	64521545	3	0
BH160037-1-172	16	64814097	72323298	3	0
BH160037-1-172	16	72647305	82755123	3	0
BH160037-1-172	16	82866766	87088343	3	0
BH160037-1-172	16	87100305	89019068	2	0
BH160037-1-172	16	89617517	90158005	3	0
BH160037-1-172	17	79488774	80263427	1	0
BH160037-1-172	19	247231	6060641	4	0
BH160037-1-172	19	6263494	7169276	3	0
BH160037-1-172	19	34904952	37800626	4	0
BH160037-1-172	19	37806149	39067987	8	0
BH160037-1-172	19	39379589	40609975	16	0
BH160037-1-172	19	40631014	41047533	11	0
BH160037-1-172	20	69093	14076233	3	0
BH160037-1-172	20	14149363	25398790	3	0
BH160037-1-172	20	30084414	32969643	9	0
BH160037-1-172	20	32985154	62912463	1	0
BH160037-1-220	1	754191	16418285	2	0
BH160037-1-220	1	16426513	23302576	2	0
BH160037-1-220	1	23587589	52181422	2	0
BH160037-1-220	1	52955457	72966826	2	0
BH160037-1-220	1	73305592	76196602	2	0
BH160037-1-220	1	77185464	92945052	2	0
BH160037-1-220	1	93262703	102432899	2	0
BH160037-1-220	1	102440728	110501597	2	0
BH160037-1-220	1	110777104	120647620	2	0
BH160037-1-220	1	145095476	166533099	2	0
BH160037-1-220	1	167103022	181727273	2	0
BH160037-1-220	1	182089134	187054897	2	0
BH160037-1-220	1	187250260	189755774	2	0
BH160037-1-220	1	190016009	224925351	2	0
BH160037-1-220	1	225265423	248445642	2	0
BH160037-1-220	2	154336172	167619396	2	0
BH160037-1-220	2	184416859	189113345	2	0
BH160037-1-220	2	201505268	243052331	1	0
BH160037-1-220	3	117997441	134987090	2	0
BH160037-1-220	3	135315439	154816911	2	0
BH160037-1-220	3	154827786	157263695	2	0
BH160037-1-220	3	157279523	197852564	2	0
BH160037-1-220	4	69403	190915650	1	0
BH160037-1-220	5	38138	46401271	2	0
BH160037-1-220	5	53519723	57705474	1	0
BH160037-1-220	5	77646502	82447802	1	0
BH160037-1-220	5	110657113	112063018	1	0
BH160037-1-220	5	130102022	165732489	1	0
BH160037-1-220	5	170757559	180698312	1	0
BH160037-1-220	7	98954836	100198386	1	0
BH160037-1-220	9	204737	2921825	7	0
BH160037-1-220	9	2942294	4094202	5	0
BH160037-1-220	9	4110946	6209697	7	0
BH160037-1-220	9	6230911	10295912	9	0
BH160037-1-220	9	10310999	19426464	12	0
BH160037-1-220	12	189399	7053908	2	0
BH160037-1-220	12	7062390	10925439	2	0
BH160037-1-220	12	11368652	19320243	2	0
BH160037-1-220	12	19892978	49985843	2	0
BH160037-1-220	12	50589835	69236271	2	0
BH160037-1-220	12	69259216	84094678	2	0
BH160037-1-220	12	84866846	133818115	2	0
BH160037-1-220	13	20627309	22230380	1	0
BH160037-1-220	13	64574474	70728411	2	0
BH160037-1-220	15	23180410	24842740	2	0
BH160037-1-220	15	24858951	25844480	2	0
BH160037-1-220	18	5926215	6943264	1	0
BH160037-1-220	18	22400167	23090640	1	0
BH160037-1-220	18	71517387	78007784	1	0
BH160037-1-220	19	247231	22214122	1	0
BH160037-1-220	19	23347526	24292393	1	0
BH160037-1-220	19	27825745	33789397	2	0
BH160037-1-220	19	33848811	59093239	2	0
BH160037-1-220	20	346750	14388215	2	0
BH160037-1-220	20	14692303	15142790	2	0
BH160037-1-220	20	15342195	15804432	2	0
BH160037-1-220	20	15959529	23503633	2	0
BH160037-1-220	20	23796762	25848235	2	0
BH160037-1-220	20	34582946	62912463	2	0
BH160037-1-220	22	16054712	28882973	1	0
BH160037-1-220	22	29102966	31855475	1	0
BH160037-1-220	22	32192613	34642721	1	0
BH160037-1-220	22	35414016	39163014	1	0
BH160037-1-220	22	39438658	40247116	1	0
BH160037-1-220	22	40600486	51213826	1	0
BH160037-1-227	1	45258140	45770610	1	0
BH160037-1-227	1	48152528	106306182	1	0
BH160037-1-227	1	107617706	118030212	1	0
BH160037-1-227	1	118039721	118823147	0	0
BH160037-1-227	1	118843674	121350934	1	0
BH160037-1-227	1	144009052	189446431	3	0
BH160037-1-227	1	189731337	193921548	4	0
BH160037-1-227	1	194550937	197563333	4	0
BH160037-1-227	1	197574133	208681333	3	0
BH160037-1-227	1	208701906	210547213	4	0
BH160037-1-227	1	210557910	249212878	3	0
BH160037-1-227	2	199696831	212486350	1	0
BH160037-1-227	2	212606922	243052331	1	0
BH160037-1-227	3	63410	49717795	1	0
BH160037-1-227	3	51177511	69966933	1	0
BH160037-1-227	3	70312783	90030538	1	0
BH160037-1-227	3	93517442	138135626	4	0
BH160037-1-227	3	138145386	138549009	3	0
BH160037-1-227	3	138563644	157015568	4	0
BH160037-1-227	3	157036786	158864418	5	0
BH160037-1-227	3	158872915	162500864	4	0
BH160037-1-227	3	162789877	170568001	4	0
BH160037-1-227	3	170669047	197852564	4	0
BH160037-1-227	4	69403	9902876	1	0
BH160037-1-227	4	9909922	10975896	1	0
BH160037-1-227	4	11002527	55952181	1	0
BH160037-1-227	4	56049424	86449885	1	0
BH160037-1-227	4	86469433	87336776	0	0
BH160037-1-227	4	87362833	143024277	1	0
BH160037-1-227	4	143079556	190915650	1	0
BH160037-1-227	5	38138	19976061	3	0
BH160037-1-227	5	20318808	46401271	3	0
BH160037-1-227	6	204908	641162	0	0
BH160037-1-227	6	647405	43050824	1	0
BH160037-1-227	6	43735148	51601124	1	0
BH160037-1-227	6	51948934	57160035	1	0
BH160037-1-227	6	61886392	72853778	1	0
BH160037-1-227	6	73315567	120312329	1	0
BH160037-1-227	6	120717373	127568447	1	0
BH160037-1-227	6	127871471	170913051	1	0
BH160037-1-227	7	88022572	89016595	3	0
BH160037-1-227	7	126237207	126873928	3	0
BH160037-1-227	9	204737	8504866	2	0
BH160037-1-227	9	8505695	10088517	3	0
BH160037-1-227	11	69325110	70226040	11	0
BH160037-1-227	11	90397560	97734972	3	0
BH160037-1-227	11	97750133	104849237	12	0
BH160037-1-227	11	104864884	106356587	7	0
BH160037-1-227	11	106370275	134938847	1	0
BH160037-1-227	14	24847950	31938908	3	0
BH160037-1-227	14	32534296	63660125	3	0
BH160037-1-227	14	64386860	105035755	3	0
BH160037-1-227	14	105045921	106777972	4	0
BH160037-1-227	15	23698007	24651811	4	0
BH160037-1-227	15	41975179	42816439	3	0
BH160037-1-227	15	52372520	54197272	4	0
BH160037-1-227	15	61767742	64078438	3	0
BH160037-1-227	15	64084656	64775002	4	0
BH160037-1-227	15	64789798	71055429	3	0
BH160037-1-227	15	71073241	102397317	4	0
BH160037-1-227	17	51486370	52401311	4	0
BH160037-1-227	18	3662692	13881279	1	0
BH160037-1-227	19	247231	1236396	1	0
BH160037-1-227	19	1265924	15397160	1	0
BH160037-1-227	19	17040165	17813497	4	0
BH160037-1-227	19	17835519	23837145	1	0
BH160037-1-227	21	9648314	23132370	1	0
BH160037-1-227	21	23437923	29692982	1	0
BH160037-1-227	21	30004940	35018807	1	0
BH160037-1-227	21	35124252	48097610	1	0
BH160037-1-227	22	28186062	29511620	1	0
BH160037-1-228	1	754191	35717339	4	0
BH160037-1-228	1	35760669	36501137	3	0
BH160037-1-228	1	36532315	68816800	4	0
BH160037-1-228	1	69405643	72493897	4	0
BH160037-1-228	1	72508927	76054854	3	0
BH160037-1-228	1	76108054	121350934	4	0
BH160037-1-228	1	144940760	150616699	4	0
BH160037-1-228	1	151144056	156040075	4	0
BH160037-1-228	1	156056967	192096277	4	0
BH160037-1-228	1	192417415	210001586	4	0
BH160037-1-228	1	210510893	243446994	4	0
BH160037-1-228	1	243458921	243879604	3	0
BH160037-1-228	1	243882182	249212878	4	0
BH160037-1-228	2	21493	134000064	3	0
BH160037-1-228	2	134070416	134787677	4	0
BH160037-1-228	2	134794698	137091557	3	0
BH160037-1-228	3	63410	10220450	3	0
BH160037-1-228	3	10382637	50270165	3	0
BH160037-1-228	3	50286952	51927415	2	0
BH160037-1-228	3	51936948	57612623	3	0
BH160037-1-228	3	59488502	60145726	3	0
BH160037-1-228	3	60173015	69846904	2	0
BH160037-1-228	3	69956391	85753018	2	0
BH160037-1-228	3	85759557	90473621	3	0
BH160037-1-228	3	93517442	162440045	4	0
BH160037-1-228	3	162726431	197852564	4	0
BH160037-1-228	4	155951508	190915650	3	0
BH160037-1-228	5	38138	37239240	3	0
BH160037-1-228	6	204908	33479966	3	0
BH160037-1-228	6	53912334	103482619	3	0
BH160037-1-228	6	103766476	117710661	3	0
BH160037-1-228	6	143167855	149755695	3	0
BH160037-1-228	7	41420	76111938	3	0
BH160037-1-228	7	76701599	159118443	3	0
BH160037-1-228	8	172416	146292734	3	0
BH160037-1-228	9	68170420	73467904	2	0
BH160037-1-228	9	73800058	80366259	2	0
BH160037-1-228	9	80465427	81544845	2	0
BH160037-1-228	9	82958028	106024523	2	0
BH160037-1-228	9	106304252	120969775	2	0
BH160037-1-228	9	121254221	122064410	2	0
BH160037-1-228	9	122209949	132611051	2	0
BH160037-1-228	9	132732852	141054761	2	0
BH160037-1-228	11	17028744	134938847	3	0
BH160037-1-228	12	189399	133818115	3	0
BH160037-1-228	13	19084822	115103150	3	0
BH160037-1-228	14	20219082	21838160	2	0
BH160037-1-228	14	21860359	23273057	4	0
BH160037-1-228	14	23284571	29536996	2	0
BH160037-1-228	14	29900214	31418213	2	0
BH160037-1-228	14	31698163	41215705	2	0
BH160037-1-228	14	41523461	49095550	2	0
BH160037-1-228	14	50471874	54442100	2	0
BH160037-1-228	14	54646749	68340870	2	0
BH160037-1-228	14	68525239	86538570	2	0
BH160037-1-228	14	87418014	94636004	2	0
BH160037-1-228	14	94988406	106779252	2	0
BH160037-1-228	15	20161371	41621842	3	0
BH160037-1-228	15	41827654	102397317	3	0
BH160037-1-228	16	83886	83004620	3	0
BH160037-1-228	16	83146683	85821306	3	0
BH160037-1-228	17	25326940	37884286	2	0
BH160037-1-228	17	38654791	46634702	2	0
BH160037-1-228	17	48720998	59748156	2	0
BH160037-1-228	17	59908687	70479684	2	0
BH160037-1-228	17	71381566	75386232	2	0
BH160037-1-228	17	75482851	80263427	2	0
BH160037-1-228	18	351113	6622357	4	0
BH160037-1-228	18	6638821	78007784	3	0
BH160037-1-228	19	327997	12754898	2	0
BH160037-1-228	19	13243303	20387334	2	0
BH160037-1-228	19	20715360	24544320	2	0
BH160037-1-228	19	27754572	37579810	3	0
BH160037-1-228	19	37597394	42403018	4	0
BH160037-1-228	19	42406387	43225590	3	0
BH160037-1-228	19	43615834	59093239	3	0
BH160037-1-228	20	69093	62912463	3	0
BH160037-1-228	21	9648314	48097610	3	0
BH160037-1-228	22	16054712	24341388	3	0
BH160037-1-228	22	24394087	51213826	3	0
BH160037-1-32	1	119517356	145117984	6	0
BH160037-1-32	1	145205787	209176721	3	0
BH160037-1-32	1	209196243	215139180	2	0
BH160037-1-32	1	215154119	219101848	3	0
BH160037-1-32	1	220512636	227404082	3	0
BH160037-1-32	1	227542810	238270357	3	0
BH160037-1-32	1	239531502	242303357	2	0
BH160037-1-32	1	242558877	249212878	2	0
BH160037-1-32	2	196442968	212520563	2	0
BH160037-1-32	2	220590632	243052331	1	0
BH160037-1-32	3	51998124	69802072	1	0
BH160037-1-32	3	93517442	110602726	4	0
BH160037-1-32	3	110891104	120808919	4	0
BH160037-1-32	3	121100282	125097038	4	0
BH160037-1-32	3	125797912	142269075	4	0
BH160037-1-32	3	142547416	157263695	4	0
BH160037-1-32	3	157279523	161339936	6	0
BH160037-1-32	3	162690366	164846305	5	0
BH160037-1-32	3	164862914	172318864	6	0
BH160037-1-32	3	172334631	189584563	5	0
BH160037-1-32	3	189702199	197852564	5	0
BH160037-1-32	5	53025464	180698312	1	0
BH160037-1-32	6	204908	31449415	3	0
BH160037-1-32	6	119656945	143981926	3	0
BH160037-1-32	6	143993346	148407906	4	0
BH160037-1-32	6	148432309	170913051	1	0
BH160037-1-32	7	135328109	159118443	1	0
BH160037-1-32	8	172416	2886013	1	0
BH160037-1-32	8	2943430	3451636	1	0
BH160037-1-32	8	3478267	4649052	1	0
BH160037-1-32	8	4849004	6974690	1	0
BH160037-1-32	8	8637276	15978375	1	0
BH160037-1-32	8	16115299	17982155	1	0
BH160037-1-32	8	18390690	19733568	1	0
BH160037-1-32	8	29840088	31016282	3	0
BH160037-1-32	8	35506255	37883438	3	0
BH160037-1-32	8	37897854	39606557	5	0
BH160037-1-32	8	39625679	62144992	3	0
BH160037-1-32	8	62148881	86078841	4	0
BH160037-1-32	8	86088105	87018188	3	0
BH160037-1-32	8	87041726	113521677	4	0
BH160037-1-32	8	113555233	113990485	4	0
BH160037-1-32	8	114313922	119642918	4	0
BH160037-1-32	8	119998707	146292734	4	0
BH160037-1-32	9	2426448	3891863	3	0
BH160037-1-32	9	4400990	5632721	5	0
BH160037-1-32	9	6120335	15694690	3	0
BH160037-1-32	10	62507202	66148934	3	0
BH160037-1-32	11	65855150	67441053	3	0
BH160037-1-32	11	67833542	69443656	3	0
BH160037-1-32	11	69875273	78093799	3	0
BH160037-1-32	11	78116958	88911696	1	0
BH160037-1-32	11	89138993	117240357	1	0
BH160037-1-32	11	121590614	134938847	1	0
BH160037-1-32	12	122159036	124938609	3	0
BH160037-1-32	12	124948234	126250709	2	0
BH160037-1-32	12	126276228	128807385	3	0
BH160037-1-32	12	128814614	130222811	2	0
BH160037-1-32	12	130225895	133818115	3	0
BH160037-1-32	13	19084822	62207707	1	0
BH160037-1-32	14	105523662	107282024	2	0
BH160037-1-32	15	20161371	24196452	3	0
BH160037-1-32	15	46895297	49464844	3	0
BH160037-1-32	15	77368681	81711938	2	0
BH160037-1-32	15	99632013	102397317	2	0
BH160037-1-32	18	12841	990110	3	0
BH160037-1-32	18	1821998	2912756	1	0
BH160037-1-32	18	4084385	7076464	1	0
BH160037-1-32	18	8571753	15377471	1	0
BH160037-1-32	18	19704035	45907944	3	0
BH160037-1-32	18	45924995	46523211	4	0
BH160037-1-32	18	46545923	60452705	3	0
BH160037-1-32	18	60638417	64330079	3	0
BH160037-1-32	18	64717774	78007784	3	0
BH160037-1-32	19	247231	1225825	3	0
BH160037-1-32	19	1262940	23498344	3	0
BH160037-1-32	19	23804040	30612444	3	0
BH160037-1-32	19	30621127	33009035	4	0
BH160037-1-32	19	51019724	59093239	3	0
BH160037-1-32	21	9648314	29966286	1	0
BH160037-1-43	1	754191	26188625	4	0
BH160037-1-43	1	26517890	45286972	4	0
BH160037-1-43	1	45678473	48568672	4	0
BH160037-1-43	1	48964417	81196872	4	0
BH160037-1-43	1	81455742	83004447	6	0
BH160037-1-43	1	83020852	121350934	4	0
BH160037-1-43	1	145038814	183287679	4	0
BH160037-1-43	1	183558356	196922021	4	0
BH160037-1-43	1	196937535	198505546	5	0
BH160037-1-43	1	199451666	211806784	4	0
BH160037-1-43	1	212107305	227177193	4	0
BH160037-1-43	1	227542228	243736039	4	0
BH160037-1-43	1	243782008	249212878	4	0
BH160037-1-43	2	21493	24608352	5	0
BH160037-1-43	2	24632121	26389999	4	0
BH160037-1-43	2	26404220	59520860	5	0
BH160037-1-43	2	59545415	61121570	4	0
BH160037-1-43	2	61121670	71856229	5	0
BH160037-1-43	2	72402809	91866487	5	0
BH160037-1-43	2	95429196	141453116	3	0
BH160037-1-43	2	141475810	197394034	3	0
BH160037-1-43	2	197409900	205067509	2	0
BH160037-1-43	2	205362216	241571572	3	0
BH160037-1-43	3	63410	857325	3	0
BH160037-1-43	3	63417339	82960892	1	0
BH160037-1-43	3	82967818	89389507	3	0
BH160037-1-43	3	89390556	104089840	4	0
BH160037-1-43	3	104408173	105576911	4	0
BH160037-1-43	3	105860975	108158574	4	0
BH160037-1-43	3	108350664	131873583	4	0
BH160037-1-43	3	132563938	136379413	4	0
BH160037-1-43	3	136699560	137787192	6	0
BH160037-1-43	3	137789902	157788588	4	0
BH160037-1-43	3	157813400	158562133	5	0
BH160037-1-43	3	158570754	162397761	4	0
BH160037-1-43	3	162690366	169047184	6	0
BH160037-1-43	3	169329675	171421901	4	0
BH160037-1-43	3	171436723	180630565	5	0
BH160037-1-43	3	180650961	181894741	6	0
BH160037-1-43	3	181903191	189382012	5	0
BH160037-1-43	3	189665654	192105055	5	0
BH160037-1-43	3	192119972	197852564	4	0
BH160037-1-43	5	38138	41826108	3	0
BH160037-1-43	5	42190596	46401271	3	0
BH160037-1-43	5	170909409	180698312	1	0
BH160037-1-43	6	204908	31339898	3	0
BH160037-1-43	6	31667837	170913051	3	0
BH160037-1-43	7	41420	57369680	3	0
BH160037-1-43	7	61064517	77610528	3	0
BH160037-1-43	7	77614333	87082042	4	0
BH160037-1-43	7	87082291	92273536	3	0
BH160037-1-43	7	92278115	95966096	4	0
BH160037-1-43	7	95967206	113772805	3	0
BH160037-1-43	7	113796121	124132372	4	0
BH160037-1-43	7	124150513	126522984	3	0
BH160037-1-43	7	126524642	126928739	4	0
BH160037-1-43	7	126948369	146146823	3	0
BH160037-1-43	7	146458296	159118443	3	0
BH160037-1-43	8	172416	13474335	1	0
BH160037-1-43	8	21753868	24465945	1	0
BH160037-1-43	9	204737	4495254	2	0
BH160037-1-43	9	9711903	15653593	2	0
BH160037-1-43	9	24478576	27630562	2	0
BH160037-1-43	9	27931178	44893094	2	0
BH160037-1-43	9	68170420	132365485	3	0
BH160037-1-43	9	133058081	141054761	3	0
BH160037-1-43	10	126069	39146676	4	0
BH160037-1-43	10	42413321	46122794	3	0
BH160037-1-43	11	64789193	67441053	3	0
BH160037-1-43	11	69559611	134938847	1	0
BH160037-1-43	12	189399	7038321	4	0
BH160037-1-43	12	7162800	42434225	4	0
BH160037-1-43	12	42726977	53563865	4	0
BH160037-1-43	12	53566490	58168462	3	0
BH160037-1-43	12	58169450	65303241	4	0
BH160037-1-43	12	65315296	89109598	3	0
BH160037-1-43	12	89121157	90875837	4	0
BH160037-1-43	12	90889549	100023334	3	0
BH160037-1-43	12	100396521	111962581	3	0
BH160037-1-43	12	112932128	122856158	3	0
BH160037-1-43	12	123750227	132877623	3	0
BH160037-1-43	13	20440019	21457395	3	0
BH160037-1-43	13	21779095	22905132	2	0
BH160037-1-43	14	20219082	39612770	4	0
BH160037-1-43	14	40190918	59491096	4	0
BH160037-1-43	14	59781643	106693662	4	0
BH160037-1-43	15	20161371	41630770	3	0
BH160037-1-43	15	44943756	102397317	3	0
BH160037-1-43	16	83886	8116547	3	0
BH160037-1-43	16	8401249	14710811	3	0
BH160037-1-43	16	15131075	27005455	3	0
BH160037-1-43	16	27300595	47445799	3	0
BH160037-1-43	16	47817252	90158005	3	0
BH160037-1-43	17	400958	5194861	1	0
BH160037-1-43	17	36912065	37807622	3	0
BH160037-1-43	17	37907845	38523419	3	0
BH160037-1-43	17	38525903	39977734	4	0
BH160037-1-43	17	39991789	45920508	3	0
BH160037-1-43	17	45942175	46676460	4	0
BH160037-1-43	17	46676543	58927505	3	0
BH160037-1-43	17	59245273	79284614	3	0
BH160037-1-43	17	79574123	80263427	3	0
BH160037-1-43	18	12841	15377471	3	0
BH160037-1-43	18	19718262	23778056	3	0
BH160037-1-43	19	829567	16670660	1	0
BH160037-1-43	19	16684757	18564705	6	0
BH160037-1-43	19	18572354	20358832	4	0
BH160037-1-43	19	20387333	24544320	3	0
BH160037-1-43	19	27754572	36901010	6	0
BH160037-1-43	19	36910999	49447577	5	0
BH160037-1-43	19	49456000	59093239	6	0
BH160037-1-43	20	69093	5021262	4	0
BH160037-1-43	20	5412722	14049022	4	0
BH160037-1-43	20	14149363	14619087	4	0
BH160037-1-43	20	15079002	15955880	4	0
BH160037-1-43	20	16033896	26309255	4	0
BH160037-1-43	20	30204155	39890353	4	0
BH160037-1-43	20	40272375	59224926	6	0
BH160037-1-43	20	59535189	62912463	6	0
BH160037-1-43	21	15397561	35084921	3	0
BH160037-1-43	21	35269766	48097610	3	0
BH160037-1-43	22	16054712	18896464	3	0
BH160037-1-43	22	18908683	20708790	4	0
BH160037-1-43	22	20742449	24338651	3	0
BH160037-1-43	22	24341387	25944478	4	0
BH160037-1-43	22	29289345	32286367	3	0
BH160037-1-56	3	93517442	104050699	2	0
BH160037-1-56	3	104317728	123415514	2	0
BH160037-1-56	3	124165216	162397761	2	0
BH160037-1-56	3	162690366	165359761	2	0
BH160037-1-56	3	166491200	197852564	2	0
BH160037-1-56	14	22297867	24793647	1	0
