sample	chr	startpos	endpos	nMajor	nMinor
BCND-MC3	1	3301130	3615978	3	0
BCND-MC3	1	17029580	17190850	3	0
BCND-MC3	2	110710762	110860798	3	0
BCND-MC3	3	90287949	90485950	1	0
BCND-MC3	3	126672027	126857090	3	0
BCND-MC3	3	162512645	162623885	1	0
BCND-MC3	4	1293212	1660651	3	0
BCND-MC3	4	3696311	4075015	3	0
BCND-MC3	4	8117671	8326360	3	0
BCND-MC3	4	8616096	9376566	3	0
BCND-MC3	4	16103721	16244298	3	0
BCND-MC3	4	21640185	21755706	3	0
BCND-MC3	4	190776532	191020138	3	0
BCND-MC3	6	167613263	168129930	3	0
BCND-MC3	7	44220742	44321851	3	0
BCND-MC3	7	143917589	144066935	4	0
BCND-MC3	7	155282565	155399356	3	0
BCND-MC3	7	155750143	155868777	3	0
BCND-MC3	7	156427016	156537630	3	0
BCND-MC3	7	157320679	157705427	3	0
BCND-MC3	8	7250368	7696249	3	0
BCND-MC3	8	10760511	10886742	3	0
BCND-MC3	8	11881847	12443043	3	0
BCND-MC3	8	39256049	39375146	3	0
BCND-MC3	9	137216396	137358884	3	0
BCND-MC3	10	21931650	22102284	1	0
BCND-MC3	10	23605716	23742508	1	0
BCND-MC3	10	32141257	32257332	1	0
BCND-MC3	10	37047826	37148979	1	0
BCND-MC3	10	134665148	134917297	3	0
BCND-MC3	14	19802529	20217561	1	0
BCND-MC3	15	25385630	25499916	3	0
BCND-MC3	15	69222523	69375064	3	0
BCND-MC3	16	1119946	1297708	3	0
BCND-MC3	17	18319850	18550056	3	0
BCND-MC3	17	34439966	34543331	3	0
BCND-MC3	18	54619606	54739812	3	0
BCND-MC3	19	20598431	20716377	3	0
BCND-MC3	20	47670546	47827470	1	0
BCND-MC3	21	11063578	11173781	3	0
BCND-MC3	22	20057143	20296540	3	0
BCND-MC3	22	29099673	29269991	1	0
BCND-MC3	X	151709336	151963530	3	0
BCND-MC3	Y	3826212	3931646	1	0
MBC-C	1	707087	837073	3	0
MBC-C	1	17029580	17177953	3	0
MBC-C	2	3455206	4078746	3	0
MBC-C	3	162512645	162623885	1	0
MBC-C	4	3818614	4075015	3	0
MBC-C	8	7214599	7798839	3	0
MBC-C	8	12034295	12378275	3	0
MBC-C	8	39235591	39384112	3	0
MBC-C	9	45471393	45749096	4	0
MBC-C	15	25385630	25497305	3	0
MBC-C	17	34439966	34586282	3	0
MBC-C	17	44394400	44752288	3	0
MBC-C	18	7079985	7576365	3	0
MBC-C	Y	3826212	3931646	1	0
BCND-N17	1	3294217	3545612	3	0
BCND-N17	1	149041190	149722450	3	0
BCND-N17	4	9370690	9496282	3	0
BCND-N17	5	46271918	49521580	1	0
BCND-N17	8	7290907	7809894	3	0
BCND-N17	8	12034295	12327510	3	0
BCND-N17	8	29372202	29527339	3	0
BCND-N17	9	42373963	44739032	3	0
BCND-N17	10	72731151	72906438	3	0
BCND-N17	10	81448995	81596308	3	0
BCND-N17	14	19382197	20413846	4	0
BCND-N17	14	106295666	106440472	3	0
BCND-N17	15	22473981	22588019	1	0
BCND-N17	15	25385630	25497305	3	0
BCND-N17	15	30730691	30981033	1	0
BCND-N17	15	32011477	32461402	3	0
BCND-N17	16	32654941	32879772	3	0
BCND-N17	17	44394400	44752288	3	0
BCND-N17	22	16055171	16347194	3	0
BCND-N17	22	48891519	49095050	3	0
BCND-N17	Y	3826212	3988717	1	0
BCND-N17	Y	4455372	4564787	1	0
BCND-N17	Y	5826911	5949422	1	0
BCND-C16	1	42915039	43082525	1	0
BCND-C16	1	45457278	45652229	1	0
BCND-C16	1	46231483	46427866	1	0
BCND-C16	1	50562562	50697369	1	0
BCND-C16	1	67820194	67927871	1	0
BCND-C16	1	111429091	113005391	3	0
BCND-C16	1	116357354	118175366	3	0
BCND-C16	1	149036512	149205434	3	0
BCND-C16	2	100446446	101954929	3	0
BCND-C16	3	255395	380341	1	0
BCND-C16	3	477192	627864	1	0
BCND-C16	3	723042	1016158	1	0
BCND-C16	3	1058404	1505472	1	0
BCND-C16	3	1816687	1955120	1	0
BCND-C16	3	2464625	2768820	1	0
BCND-C16	3	2818049	3297581	1	0
BCND-C16	3	3439212	3574297	1	0
BCND-C16	3	3687449	4076383	1	0
BCND-C16	3	4154130	4364805	1	0
BCND-C16	3	4451310	4842488	1	0
BCND-C16	3	5107167	5408984	1	0
BCND-C16	3	5440112	5633778	1	0
BCND-C16	3	5964793	6416190	1	0
BCND-C16	3	6670898	7527509	1	0
BCND-C16	3	7576263	8995186	1	0
BCND-C16	3	9234763	9574352	1	0
BCND-C16	3	10006079	10179104	1	0
BCND-C16	3	10904216	11161663	1	0
BCND-C16	3	11291171	11397417	1	0
BCND-C16	3	11412604	11925610	1	0
BCND-C16	3	12005833	12624976	1	0
BCND-C16	3	13828147	14169669	1	0
BCND-C16	3	15051552	15625045	1	0
BCND-C16	3	15748878	16173604	1	0
BCND-C16	3	16240544	16563180	1	0
BCND-C16	3	16607545	17073064	1	0
BCND-C16	3	17317932	17582635	1	0
BCND-C16	3	17761537	18357236	1	0
BCND-C16	3	18696930	19347952	1	0
BCND-C16	3	20492070	20626326	1	0
BCND-C16	3	20848048	21065354	1	0
BCND-C16	3	21748789	21882336	1	0
BCND-C16	3	21952110	22057256	1	0
BCND-C16	3	22085607	22563536	1	0
BCND-C16	3	22971644	23599710	1	0
BCND-C16	3	23757541	24750632	1	0
BCND-C16	3	24829088	25146328	1	0
BCND-C16	3	25231091	25343615	1	0
BCND-C16	3	25886040	26439331	1	0
BCND-C16	3	26618989	26886688	1	0
BCND-C16	3	27020354	27852000	1	0
BCND-C16	3	28033099	28169400	1	0
BCND-C16	3	28515181	29018184	1	0
BCND-C16	3	29387083	29527189	1	0
BCND-C16	3	29604109	29854493	1	0
BCND-C16	3	30203061	30412370	1	0
BCND-C16	3	30463688	31210280	1	0
BCND-C16	3	31304941	31429358	1	0
BCND-C16	3	31750556	32104632	0	0
BCND-C16	3	32129315	32442673	1	0
BCND-C16	3	32597155	32830975	1	0
BCND-C16	3	33029986	33154246	1	0
BCND-C16	3	33213030	33877246	1	0
BCND-C16	3	34077223	34664854	1	0
BCND-C16	3	34846024	35277816	1	0
BCND-C16	3	35372030	35879384	1	0
BCND-C16	3	36348164	36662503	1	0
BCND-C16	3	36681026	36920050	1	0
BCND-C16	3	36986932	37173733	1	0
BCND-C16	3	37266678	37662867	1	0
BCND-C16	3	37812768	37984448	1	0
BCND-C16	3	38419517	38803019	1	0
BCND-C16	3	38875649	39640272	1	0
BCND-C16	3	39739099	39874442	1	0
BCND-C16	3	40069506	40646974	1	0
BCND-C16	3	40744168	41210745	1	0
BCND-C16	3	42363918	42518007	1	0
BCND-C16	3	42649145	42870558	1	0
BCND-C16	3	43098330	43774426	1	0
BCND-C16	3	43990260	44165532	1	0
BCND-C16	3	44284584	44709009	1	0
BCND-C16	3	45375749	45546656	1	0
BCND-C16	3	46266379	46422033	1	0
BCND-C16	3	53694418	53817358	1	0
BCND-C16	3	54325344	54599468	1	0
BCND-C16	3	54934403	55072187	1	0
BCND-C16	3	55194956	55460094	1	0
BCND-C16	3	55483221	55665383	1	0
BCND-C16	3	56558316	56687792	1	0
BCND-C16	3	57522950	57714779	1	0
BCND-C16	3	57840722	58036962	1	0
BCND-C16	3	59535975	59645180	1	0
BCND-C16	3	61165543	61297328	1	0
BCND-C16	3	61386283	61509565	1	0
BCND-C16	3	61560990	62051711	1	0
BCND-C16	3	62206948	62347238	1	0
BCND-C16	3	62777519	62966701	1	0
BCND-C16	3	63271746	63512762	1	0
BCND-C16	3	63737409	63978859	1	0
BCND-C16	3	64226692	64532276	1	0
BCND-C16	3	64842720	64948116	1	0
BCND-C16	3	65409444	65541573	1	0
BCND-C16	3	65642169	65790019	1	0
BCND-C16	3	65888144	66028723	1	0
BCND-C16	3	67894662	68414500	1	0
BCND-C16	3	69188122	69524318	1	0
BCND-C16	3	69602457	69823843	1	0
BCND-C16	3	70011034	70205008	1	0
BCND-C16	3	70239685	70399795	1	0
BCND-C16	3	70553331	70800007	1	0
BCND-C16	3	70893913	71000293	1	0
BCND-C16	3	71103525	71341222	1	0
BCND-C16	3	71432139	71548503	1	0
BCND-C16	3	71743139	72035837	1	0
BCND-C16	3	72179438	72287167	1	0
BCND-C16	3	72840813	73115060	1	0
BCND-C16	3	73532069	73981813	1	0
BCND-C16	3	74085783	74278301	1	0
BCND-C16	3	74999495	75219651	1	0
BCND-C16	3	76273873	76498596	1	0
BCND-C16	3	76925298	77040260	1	0
BCND-C16	3	77135904	77432300	1	0
BCND-C16	3	77521306	77668346	1	0
BCND-C16	3	77797309	78151762	1	0
BCND-C16	3	78861145	78983674	1	0
BCND-C16	3	79280780	79520826	1	0
BCND-C16	3	79594307	79935760	1	0
BCND-C16	3	80011694	80158184	1	0
BCND-C16	3	80252510	80453826	1	0
BCND-C16	3	80473208	80928930	1	0
BCND-C16	3	81232623	81544049	1	0
BCND-C16	3	81720353	81857134	1	0
BCND-C16	3	82004950	82190746	1	0
BCND-C16	3	83225001	83658271	1	0
BCND-C16	3	83810221	83940521	1	0
BCND-C16	3	84042746	84309500	1	0
BCND-C16	3	84977191	85401822	1	0
BCND-C16	3	85630146	86721848	1	0
BCND-C16	3	87012935	87339695	1	0
BCND-C16	3	88458784	88612410	1	0
BCND-C16	3	88901377	89267260	1	0
BCND-C16	3	89536444	89646024	1	0
BCND-C16	3	89826117	89952815	1	0
BCND-C16	3	93519466	93911746	1	0
BCND-C16	3	93976211	97564477	1	0
BCND-C16	3	97698498	98103424	1	0
BCND-C16	3	98148355	98369696	1	0
BCND-C16	3	98445324	98810142	1	0
BCND-C16	3	99007686	100377573	1	0
BCND-C16	3	100448183	100736139	1	0
BCND-C16	3	100757820	101919080	1	0
BCND-C16	3	102015485	104121154	1	0
BCND-C16	3	104150045	104348758	1	0
BCND-C16	3	104633570	105500689	1	0
BCND-C16	3	105590085	105756412	1	0
BCND-C16	3	105881028	106493366	1	0
BCND-C16	3	106630304	107024794	1	0
BCND-C16	3	107048820	109589575	1	0
BCND-C16	3	109733809	110602911	1	0
BCND-C16	3	110797070	111859982	1	0
BCND-C16	3	111978288	112372256	1	0
BCND-C16	3	112431972	114467929	1	0
BCND-C16	3	114500456	114946183	1	0
BCND-C16	3	114981637	115860421	1	0
BCND-C16	3	115930297	116390670	1	0
BCND-C16	3	116533756	116746885	1	0
BCND-C16	3	116831425	117482687	1	0
BCND-C16	3	117550244	117872021	1	0
BCND-C16	3	117906927	120971288	1	0
BCND-C16	3	121076731	121246685	1	0
BCND-C16	3	121323465	121891666	1	0
BCND-C16	3	121963795	122354975	1	0
BCND-C16	3	122393747	122823803	1	0
BCND-C16	3	122846339	123106429	1	0
BCND-C16	3	123155633	124422005	1	0
BCND-C16	3	124461544	124772082	1	0
BCND-C16	3	124799630	125462329	1	0
BCND-C16	3	125663300	125816063	1	0
BCND-C16	3	125944726	126067174	1	0
BCND-C16	3	126317228	126674652	1	0
BCND-C16	3	126767119	126972020	1	0
BCND-C16	3	127476244	128008712	1	0
BCND-C16	3	128438737	128553950	1	0
BCND-C16	3	128648117	128929227	1	0
BCND-C16	3	129397163	129690192	1	0
BCND-C16	3	129929613	130426494	1	0
BCND-C16	3	130605010	131122731	1	0
BCND-C16	3	131255396	133470025	1	0
BCND-C16	3	133485830	137027667	1	0
BCND-C16	3	137030817	141387271	1	0
BCND-C16	3	141416839	141963042	1	0
BCND-C16	3	142112472	146136020	1	0
BCND-C16	3	146218283	148310501	1	0
BCND-C16	3	148382405	151380717	1	0
BCND-C16	3	151465100	152347482	1	0
BCND-C16	3	152353473	152714742	1	0
BCND-C16	3	152781278	160353906	1	0
BCND-C16	3	160370907	162508256	1	0
BCND-C16	3	162626560	163653428	1	0
BCND-C16	3	163662424	165259010	1	0
BCND-C16	3	165317672	175895690	1	0
BCND-C16	3	175934613	176697114	1	0
BCND-C16	3	176715918	178584345	1	0
BCND-C16	3	178675101	178928163	1	0
BCND-C16	3	178975408	180807775	1	0
BCND-C16	3	180888452	182237319	1	0
BCND-C16	3	182269801	184163225	1	0
BCND-C16	3	184214759	184325955	1	0
BCND-C16	3	184392747	189195686	1	0
BCND-C16	3	189226132	189356986	1	0
BCND-C16	3	189370988	191927668	1	0
BCND-C16	3	191938333	192596385	1	0
BCND-C16	3	192609093	192866847	1	0
BCND-C16	3	192919373	194789163	1	0
BCND-C16	3	194819473	195399075	1	0
BCND-C16	3	195924160	196661731	1	0
BCND-C16	3	196701490	197834558	1	0
BCND-C16	4	70127632	70231787	1	0
BCND-C16	5	15520	2182854	3	0
BCND-C16	5	2538080	2901360	3	0
BCND-C16	5	3403469	3546657	3	0
BCND-C16	5	4142989	4447515	3	0
BCND-C16	5	8302003	8704779	3	0
BCND-C16	5	10438545	10569829	3	0
BCND-C16	5	11117700	11234706	3	0
BCND-C16	5	11616252	12047995	3	0
BCND-C16	5	13849104	14174279	3	0
BCND-C16	5	15423656	15719350	3	0
BCND-C16	5	15989140	18259680	3	0
BCND-C16	5	18936590	19363632	3	0
BCND-C16	5	19779319	20043349	3	0
BCND-C16	5	20563750	21072939	3	0
BCND-C16	5	21338793	21449264	3	0
BCND-C16	5	21720755	21922670	3	0
BCND-C16	5	24775697	25040274	3	0
BCND-C16	5	25995400	26142631	3	0
BCND-C16	5	33344107	34438564	3	0
BCND-C16	5	35903997	36159293	3	0
BCND-C16	6	80528794	80731014	1	0
BCND-C16	7	43259	101267910	3	0
BCND-C16	7	101272465	101925338	1	0
BCND-C16	7	102402610	109426891	1	0
BCND-C16	7	109453898	111903632	1	0
BCND-C16	7	112036283	113279411	1	0
BCND-C16	7	113432828	116954785	1	0
BCND-C16	7	117033683	117250738	1	0
BCND-C16	7	117320117	117788815	0	0
BCND-C16	7	117882362	118106535	1	0
BCND-C16	7	118185702	120295003	1	0
BCND-C16	7	120490717	122115673	1	0
BCND-C16	7	122416871	123269118	1	0
BCND-C16	7	123427470	124710523	1	0
BCND-C16	7	124970772	125945277	1	0
BCND-C16	7	126232834	127101187	1	0
BCND-C16	7	127188972	128031298	1	0
BCND-C16	7	129754746	130079309	1	0
BCND-C16	7	135440678	136455379	1	0
BCND-C16	7	141489798	143749265	4	0
BCND-C16	7	143896240	148277555	3	0
BCND-C16	7	148327531	149893572	4	0
BCND-C16	7	150700159	151938224	4	0
BCND-C16	7	158392531	158614551	4	0
BCND-C16	8	7250368	7798839	3	0
BCND-C16	8	26515458	26868703	1	0
BCND-C16	8	26969601	27084848	1	0
BCND-C16	8	27817138	28199370	1	0
BCND-C16	8	28334161	28441570	1	0
BCND-C16	8	28563931	28924858	1	0
BCND-C16	8	29305755	29590990	1	0
BCND-C16	8	30198678	30721289	1	0
BCND-C16	8	31251276	32131798	1	0
BCND-C16	8	32320428	32612724	1	0
BCND-C16	8	33072100	33433070	1	0
BCND-C16	8	33575664	33969058	1	0
BCND-C16	8	34430367	34772532	4	0
BCND-C16	8	35464243	35650643	4	0
BCND-C16	8	35707750	39230647	3	0
BCND-C16	8	39235591	39386953	1	0
BCND-C16	8	39388287	40771984	4	0
BCND-C16	8	40783668	73827085	4	0
BCND-C16	8	73874485	91297472	4	0
BCND-C16	8	91397407	103435705	4	0
BCND-C16	8	103442161	146298143	4	0
BCND-C16	10	72797	39074038	3	0
BCND-C16	10	42897136	43294574	1	0
BCND-C16	10	43707599	46956671	1	0
BCND-C16	10	48569502	49651748	1	0
BCND-C16	10	50014328	50454141	1	0
BCND-C16	10	52301997	52647571	1	0
BCND-C16	10	53071527	53286748	1	0
BCND-C16	10	53461266	53657648	1	0
BCND-C16	10	54279024	54717876	1	0
BCND-C16	10	54770513	54889826	4	0
BCND-C16	10	54892609	55076782	1	0
BCND-C16	10	55468899	56040172	1	0
BCND-C16	10	56053413	57347019	3	0
BCND-C16	10	57490951	58017602	1	0
BCND-C16	10	59402469	59569726	1	0
BCND-C16	10	59657213	59781170	4	0
BCND-C16	10	59783716	60268599	1	0
BCND-C16	10	60567917	60831681	1	0
BCND-C16	10	61498947	63006098	1	0
BCND-C16	10	63541723	63927361	1	0
BCND-C16	10	64254231	66386545	1	0
BCND-C16	10	66452700	67201788	1	0
BCND-C16	10	71136391	73180110	3	0
BCND-C16	10	76005089	76279099	1	0
BCND-C16	10	76553355	76932009	1	0
BCND-C16	10	77233220	79555364	1	0
BCND-C16	10	79699020	79993367	1	0
BCND-C16	10	81233076	82042624	1	0
BCND-C16	10	82369420	82533910	1	0
BCND-C16	10	84110568	84427332	1	0
BCND-C16	10	85907856	86139034	1	0
BCND-C16	10	86659611	86908744	1	0
BCND-C16	10	87079234	87888708	1	0
BCND-C16	10	88483643	89167880	1	0
BCND-C16	10	89755075	89993472	1	0
BCND-C16	10	91100631	91588615	1	0
BCND-C16	10	94098008	94818060	1	0
BCND-C16	10	95451585	95929162	1	0
BCND-C16	10	96893178	97411680	1	0
BCND-C16	10	97956668	98766590	1	0
BCND-C16	10	100025577	100323257	1	0
BCND-C16	10	101953705	102134015	1	0
BCND-C16	10	104705412	104977857	1	0
BCND-C16	10	105698973	106908417	1	0
BCND-C16	10	110334686	110553646	1	0
BCND-C16	10	112032618	112717200	1	0
BCND-C16	10	112936140	115817867	1	0
BCND-C16	10	116104298	116876782	1	0
BCND-C16	10	117711922	119944515	1	0
BCND-C16	10	120086777	120542167	1	0
BCND-C16	10	121477331	122757071	1	0
BCND-C16	10	122789552	123167925	1	0
BCND-C16	10	123929591	125091934	1	0
BCND-C16	10	126753504	131410924	1	0
BCND-C16	10	131829755	132547962	1	0
BCND-C16	10	135242873	135506692	1	0
BCND-C16	13	24853948	25029083	1	0
BCND-C16	13	39317053	39474135	1	0
BCND-C16	13	41068065	41200091	1	0
BCND-C16	13	66491732	66681970	1	0
BCND-C16	13	84841932	85184472	1	0
BCND-C16	14	19002112	20010901	3	0
BCND-C16	14	20417541	36569145	3	0
BCND-C16	14	36694638	40965354	3	0
BCND-C16	14	41286981	44490190	3	0
BCND-C16	14	44532284	53577141	3	0
BCND-C16	14	53660974	55885054	3	0
BCND-C16	14	56087844	56737706	1	0
BCND-C16	14	57420145	57650891	1	0
BCND-C16	14	58165943	58853508	3	0
BCND-C16	14	59023877	59266221	1	0
BCND-C16	14	61736420	62917382	1	0
BCND-C16	14	63431881	63935731	1	0
BCND-C16	14	64828543	65038378	1	0
BCND-C16	14	65644204	66203015	4	0
BCND-C16	14	69353645	69564888	4	0
BCND-C16	14	70469120	70691711	1	0
BCND-C16	14	71215231	72105909	1	0
BCND-C16	14	72359641	72581901	1	0
BCND-C16	14	72742235	72976585	1	0
BCND-C16	14	75716079	75999065	1	0
BCND-C16	14	76143514	76339282	1	0
BCND-C16	14	77962046	78209614	1	0
BCND-C16	14	78848330	79605613	1	0
BCND-C16	14	80619175	81044614	1	0
BCND-C16	14	81775855	82548672	1	0
BCND-C16	14	83341602	83452353	1	0
BCND-C16	14	83798082	84260032	1	0
BCND-C16	14	85964610	86161122	1	0
BCND-C16	14	88664344	88799005	1	0
BCND-C16	14	89354388	90554588	1	0
BCND-C16	14	92279983	92785857	1	0
BCND-C16	14	93616848	94177445	1	0
BCND-C16	14	94524134	94915294	1	0
BCND-C16	14	97428397	99298038	1	0
BCND-C16	14	104400278	104541342	1	0
BCND-C16	14	106487028	107285437	1	0
BCND-C16	16	60765	32033562	3	0
BCND-C16	16	33862851	35283214	3	0
BCND-C16	16	46463770	46655516	1	0
BCND-C16	16	46665644	48539915	3	0
BCND-C16	16	48542170	48720942	1	0
BCND-C16	16	48907827	49046398	1	0
BCND-C16	16	50920607	51098427	1	0
BCND-C16	16	51404737	51938565	1	0
BCND-C16	16	52072506	52249477	1	0
BCND-C16	16	52442519	52865664	1	0
BCND-C16	16	53644245	54130170	1	0
BCND-C16	16	54422620	54695173	1	0
BCND-C16	16	54842074	55394086	3	0
BCND-C16	16	55395730	55795214	1	0
BCND-C16	16	56117507	56361557	1	0
BCND-C16	16	58198648	58322483	1	0
BCND-C16	16	58868919	59912792	1	0
BCND-C16	16	60586408	61340742	1	0
BCND-C16	16	61575863	61814179	1	0
BCND-C16	16	65759137	66053401	1	0
BCND-C16	16	68185160	68303410	1	0
BCND-C16	16	68305500	71349498	3	0
BCND-C16	16	71353719	71752968	1	0
BCND-C16	16	72048915	72932448	1	0
BCND-C16	16	73300077	73717097	1	0
BCND-C16	16	73945063	74073171	1	0
BCND-C16	16	75318574	75871898	1	0
BCND-C16	16	76515641	76629263	1	0
BCND-C16	16	76944951	77146854	1	0
BCND-C16	16	77314674	77819679	1	0
BCND-C16	16	78013123	78186686	1	0
BCND-C16	16	78398501	78661664	3	0
BCND-C16	16	78665745	79007875	1	0
BCND-C16	16	79118972	79494293	1	0
BCND-C16	16	79495375	80378675	3	0
BCND-C16	16	80408261	80967735	1	0
BCND-C16	16	82044017	83171167	1	0
BCND-C16	16	83253759	83542824	1	0
BCND-C16	16	83545422	84912879	3	0
BCND-C16	17	10282594	10456180	1	0
BCND-C16	17	11552637	11744753	1	0
BCND-C16	17	12032057	12152792	1	0
BCND-C16	17	12807790	12960027	1	0
BCND-C16	17	13022599	13206902	1	0
BCND-C16	17	14424177	14567556	1	0
BCND-C16	17	20111305	20225751	1	0
BCND-C16	17	21545210	22235650	3	0
BCND-C16	17	26604964	27114600	3	0
BCND-C16	17	33699084	36300595	3	0
BCND-C16	17	36836115	44364158	3	0
BCND-C16	17	44784640	55597654	3	0
BCND-C16	17	57600645	60899166	3	0
BCND-C16	17	61314041	62688418	3	0
BCND-C16	18	31360511	31755447	3	0
BCND-C16	18	38236278	38460348	3	0
BCND-C16	18	41266515	41844641	3	0
BCND-C16	18	50220003	50619266	3	0
BCND-C16	18	51280499	51513498	3	0
BCND-C16	18	55946523	56052091	3	0
BCND-C16	18	58099413	59023851	3	0
BCND-C16	18	62300047	62473365	3	0
BCND-C16	18	62645492	63229969	3	0
BCND-C16	18	64770540	64890122	3	0
BCND-C16	18	66778787	67160567	3	0
BCND-C16	18	77230409	77608941	3	0
BCND-C16	19	9061219	9505901	1	0
BCND-C16	19	11865607	12374930	1	0
BCND-C16	19	13552673	13666793	1	0
BCND-C16	19	15653371	15777931	1	0
BCND-C16	19	19815787	20451648	1	0
BCND-C16	19	20703259	20855598	1	0
BCND-C16	19	21283034	21474099	1	0
BCND-C16	19	21666210	21822317	1	0
BCND-C16	19	22084265	23195189	1	0
BCND-C16	19	23284350	23531014	1	0
BCND-C16	19	27951805	29257890	1	0
BCND-C16	19	29316279	29726947	1	0
BCND-C16	19	29988110	30097537	1	0
BCND-C16	19	30398125	30539779	1	0
BCND-C16	19	30639045	30810073	1	0
BCND-C16	19	30882535	32974674	1	0
BCND-C16	19	33301641	33454650	1	0
BCND-C16	19	34608587	34734097	1	0
BCND-C16	19	34920999	35334968	1	0
BCND-C16	19	37318880	38323774	1	0
BCND-C16	19	41375740	41579305	1	0
BCND-C16	19	44141902	44709550	1	0
BCND-C16	19	44803716	44989030	1	0
BCND-C16	19	46681829	46782606	1	0
BCND-C16	19	51923351	52131801	1	0
BCND-C16	19	52204564	52976774	1	0
BCND-C16	19	53431883	53584418	1	0
BCND-C16	19	53693524	54048431	1	0
BCND-C16	19	56702323	58262857	1	0
BCND-C16	22	16102407	16444865	3	0
BCND-C16	X	3444953	3695258	3	0
BCND-C16	X	29685702	29941972	3	0
BCND-C16	X	33194186	33350105	3	0
BCND-C16	X	34110246	34275750	3	0
BCND-C16	X	48317386	49112303	3	0
BCND-C16	X	61728817	62207007	3	0
BCND-C16	X	78105332	78282562	3	0
BCND-C16	X	125933249	126276055	3	0
BCND-C16	X	138641868	138745527	3	0
BCND-C16	X	152648393	153725445	3	0
BCND-C16	X	154487279	154779485	3	0
BCND-C16	Y	3423828	3539834	1	0
BCND-C16	Y	3802551	4050576	1	0
BCND-C16	Y	4128628	4341114	1	0
BCND-C16	Y	10068962	13134519	1	0
BCND-MC1	4	70127632	70232112	1	0
BCND-MC1	5	15520	11161625	3	0
BCND-MC1	5	11167277	34122040	3	0
BCND-MC1	5	34588336	46271096	3	0
BCND-MC1	5	46278212	57321646	3	0
BCND-MC1	5	57338357	180719790	3	0
BCND-MC1	8	39235591	39342937	0	0
BCND-MC1	9	21951372	22121621	1	0
BCND-MC1	11	198510	5777096	3	0
BCND-MC1	11	5816174	46181597	3	0
BCND-MC1	11	46609164	61256040	3	0
BCND-MC1	11	61509377	64218726	3	0
BCND-MC1	11	65692760	66113956	3	0
BCND-MC1	11	67906985	68550304	3	0
BCND-MC1	11	70652992	134944770	3	0
BCND-MC1	14	104420799	104594388	3	0
BCND-MC1	14	106054885	106167475	1	0
BCND-MC1	15	20395517	22588019	4	0
BCND-MC1	15	24578487	24778879	3	0
BCND-MC1	16	33526608	33773053	1	0
BCND-MC1	17	44408650	44752288	4	0
BCND-MC1	21	10736859	10940630	3	0
BCND-MC1	Y	3439401	3539834	1	0
BCND-MC1	Y	3826212	3931646	1	0
BCND-MC1	Y	4677743	4789805	1	0
BCND-MC2	4	70127632	70236139	1	0
BCND-MC2	6	94553885	94711990	3	0
BCND-MC2	12	8004413	8122319	3	0
BCND-MC2	20	14797572	14904170	1	0
BCND-MC2	Y	3406594	3594845	1	0
BCND-MC2	Y	3819028	4050576	1	0
BCND-MC2	Y	4130045	4341114	1	0
BCND-MC2	Y	4684219	4866464	1	0
BCND-MC2	Y	5683812	5949422	1	0
BCND-C2	1	149036512	149190306	1	0
BCND-C2	1	161517939	161638530	1	0
BCND-C2	2	116532508	116675350	3	0
BCND-C2	4	69374929	69485967	4	0
BCND-C2	4	93507902	93871431	3	0
BCND-C2	4	95330180	96076843	3	0
BCND-C2	4	148381420	149629809	3	0
BCND-C2	4	164832145	165691819	3	0
BCND-C2	8	39235591	39362934	3	0
BCND-C2	11	67482647	67732314	1	0
BCND-C2	14	22677140	22950491	1	0
BCND-C2	15	20262224	22588019	4	0
BCND-C2	17	36599394	37923373	4	0
BCND-C2	17	41341755	41878256	3	0
BCND-C2	17	44401055	44752288	4	0
BCND-C2	17	46674670	48033906	3	0
BCND-C2	17	50505879	53035602	3	0
BCND-C2	17	53166651	53340857	3	0
BCND-C2	17	56292381	58079958	3	0
BCND-C2	17	61031233	61319197	3	0
BCND-C2	17	61731598	62070153	3	0
BCND-C2	17	68210784	68355048	3	0
BCND-C2	20	14734360	14897602	1	0
BCND-C2	21	33067012	33423430	3	0
BCND-C2	21	33883850	34644162	3	0
BCND-C2	22	16055171	16403321	1	0
BCND-C2	X	1778663	2001644	3	0
BCND-C2	X	3445846	3695258	3	0
BCND-C2	X	154582460	154775939	3	0
BCND-C2	Y	3439401	3539834	1	0
BCND-C2	Y	4684219	4866464	1	0
BCND-C8	1	149041710	149152390	1	0
BCND-C8	2	89934947	90248772	1	0
BCND-C8	Y	3411571	3541200	1	0
BCND-C8	Y	3613770	3791903	1	0
BCND-C8	Y	3819028	3993382	1	0
BCND-C8	Y	4287052	4421798	1	0
BCND-C8	Y	4606347	4967984	1	0
BCND-C8	Y	5746098	5949422	1	0
BCND-N8	1	149041710	149249435	1	0
BCND-N8	2	89934947	90267091	1	0
BCND-N8	Y	3826212	4050576	1	0
BCND-C15	1	189326337	189537319	1	0
BCND-C15	7	153503237	153661127	3	0
BCND-C15	9	44396687	44837515	3	0
BCND-C15	11	67498020	67695646	1	0
BCND-C15	15	20216943	21223671	3	0
BCND-C15	15	24578487	24778879	1	0
BCND-C15	21	10736859	10988423	3	0
BCND-C15	Y	3826212	3931646	1	0
BCND-C15	Y	4684219	4789805	1	0
BCND-C15	Y	5826911	5949422	1	0
BCND-N15	1	189326337	189547626	1	0
BCND-N15	7	153503237	153647774	3	0
BCND-N15	8	132837383	132955141	1	0
BCND-N15	9	44727847	44830239	3	0
BCND-N15	11	67498020	67662476	1	0
BCND-N15	15	24578487	24778879	1	0
BCND-N15	19	20598431	20716377	1	0
BCND-N15	Y	3411571	3541200	1	0
BCND-N15	Y	3613770	3791903	1	0
BCND-N15	Y	3819028	3993382	1	0
BCND-N15	Y	4020061	4421798	1	0
BCND-N15	Y	4455372	4656878	1	0
BCND-N15	Y	4670883	4967984	1	0
BCND-N15	Y	5683812	5949422	1	0
BCND-C11	3	162513447	162615903	4	0
BCND-C11	9	40508668	43800174	3	0
BCND-C11	9	67208776	67826434	4	0
BCND-C11	9	68796281	69930220	3	0
BCND-C11	14	19689305	20423360	4	0
BCND-C11	15	22280465	22454869	1	0
BCND-C11	17	26649206	28647752	3	0
BCND-C11	17	31281268	33430097	3	0
BCND-C11	17	37833600	38477259	3	0
BCND-C11	17	50206816	51193936	3	0
BCND-C11	17	51497774	54300022	3	0
BCND-C11	17	54828778	57929577	3	0
BCND-C11	Y	3439401	3539834	1	0
BCND-C11	Y	3826212	3993382	1	0
BCND-C11	Y	4670883	4866464	1	0
BCND-C11	Y	5746098	5949422	1	0
BCND-C12	1	41932819	42271255	3	0
BCND-C12	1	149036512	149254920	1	0
BCND-C12	1	191947762	192564689	3	0
BCND-C12	1	193221903	194349043	3	0
BCND-C12	1	195818443	197684743	3	0
BCND-C12	1	198325457	199238548	3	0
BCND-C12	1	200435352	202190785	3	0
BCND-C12	1	202954127	205281255	3	0
BCND-C12	1	208060464	208655844	3	0
BCND-C12	1	210577528	210719581	3	0
BCND-C12	1	212074450	214549373	3	0
BCND-C12	1	215171238	216776955	3	0
BCND-C12	1	217390484	218098247	3	0
BCND-C12	1	219351718	219579188	3	0
BCND-C12	1	220865745	228263230	3	0
BCND-C12	1	228411255	231464978	3	0
BCND-C12	1	231966835	233030248	3	0
BCND-C12	1	233761305	236172498	3	0
BCND-C12	1	236585009	237028085	3	0
BCND-C12	1	241423011	242363722	3	0
BCND-C12	1	244178400	244851342	3	0
BCND-C12	1	245796256	246766998	3	0
BCND-C12	2	158537430	158903931	4	0
BCND-C12	2	158928151	159126250	4	0
BCND-C12	2	160310752	162963233	4	0
BCND-C12	2	163616786	163851651	1	0
BCND-C12	2	164511430	164804805	1	0
BCND-C12	2	164924365	165455035	1	0
BCND-C12	2	165889388	166880943	1	0
BCND-C12	2	167970718	169149244	1	0
BCND-C12	2	169418646	171430903	1	0
BCND-C12	2	172558172	175003123	1	0
BCND-C12	2	175164832	177898143	1	0
BCND-C12	2	177974499	179452427	1	0
BCND-C12	2	179979930	180174739	1	0
BCND-C12	2	180979745	181305199	1	0
BCND-C12	2	182307752	183106252	1	0
BCND-C12	2	183669268	184221789	1	0
BCND-C12	2	184722202	185112215	1	0
BCND-C12	2	185173916	185372117	1	0
BCND-C12	2	185621325	186207559	1	0
BCND-C12	2	186274617	186797057	1	0
BCND-C12	2	187015677	187875693	1	0
BCND-C12	2	188069276	188824397	1	0
BCND-C12	2	189118320	190129021	1	0
BCND-C12	2	190383032	190802253	1	0
BCND-C12	3	14638892	14819181	3	0
BCND-C12	3	45733430	45876310	1	0
BCND-C12	3	47578838	47807665	1	0
BCND-C12	3	47997151	48206682	1	0
BCND-C12	3	58478970	58614090	1	0
BCND-C12	3	65972904	66100764	1	0
BCND-C12	3	113490151	115986121	4	0
BCND-C12	3	162512645	162615903	4	0
BCND-C12	3	177405918	177537331	4	0
BCND-C12	3	178757734	179254511	4	0
BCND-C12	3	179316575	179945021	4	0
BCND-C12	4	20037193	20651507	3	0
BCND-C12	5	68683975	69313676	3	0
BCND-C12	6	43792062	43999697	3	0
BCND-C12	6	72875310	73450321	3	0
BCND-C12	6	78920521	80086885	3	0
BCND-C12	6	81568141	81819933	3	0
BCND-C12	6	91923256	92897763	3	0
BCND-C12	6	95658340	96662949	3	0
BCND-C12	6	97682469	98684582	3	0
BCND-C12	6	110329370	110558573	4	0
BCND-C12	6	110562814	111552687	3	0
BCND-C12	6	113261697	113633454	3	0
BCND-C12	6	114578807	116333998	4	0
BCND-C12	6	117699805	122959505	3	0
BCND-C12	6	124098436	124947361	3	0
BCND-C12	6	127740939	129752610	3	0
BCND-C12	6	133319275	155127105	3	0
BCND-C12	6	157343502	157455698	3	0
BCND-C12	8	7214599	7759581	3	0
BCND-C12	8	34576341	34976128	1	0
BCND-C12	8	36898252	39260985	3	0
BCND-C12	8	39284249	40771984	3	0
BCND-C12	8	40783668	43824036	3	0
BCND-C12	8	47083849	66519651	3	0
BCND-C12	8	66621287	117301701	4	0
BCND-C12	8	117635577	118887896	4	0
BCND-C12	8	124481610	124946103	3	0
BCND-C12	8	125923685	126298113	3	0
BCND-C12	8	127895924	128063630	3	0
BCND-C12	8	128303976	133445712	3	0
BCND-C12	8	134179877	136042584	3	0
BCND-C12	8	136409936	138022196	4	0
BCND-C12	8	138920572	140264369	3	0
BCND-C12	8	140505503	142630782	3	0
BCND-C12	8	142829990	143010636	3	0
BCND-C12	8	143786835	144235413	3	0
BCND-C12	8	145136574	145287165	3	0
BCND-C12	8	145695494	145900544	3	0
BCND-C12	9	27050567	29091085	3	0
BCND-C12	9	33180813	33354236	3	0
BCND-C12	9	39743154	44837515	3	0
BCND-C12	10	72797	2195461	3	0
BCND-C12	10	2231186	5501617	3	0
BCND-C12	10	5649760	12024682	3	0
BCND-C12	10	12051574	15696414	3	0
BCND-C12	10	15754716	16875192	3	0
BCND-C12	10	17006664	20778892	3	0
BCND-C12	10	20862427	26177607	3	0
BCND-C12	10	26245836	37930889	3	0
BCND-C12	10	37993287	38709491	3	0
BCND-C12	10	42872779	43302660	3	0
BCND-C12	10	52752164	53227640	3	0
BCND-C12	10	60667495	60816042	3	0
BCND-C12	12	3178544	3388004	3	0
BCND-C12	12	6245553	7176978	3	0
BCND-C12	12	21336063	21512892	3	0
BCND-C12	12	113264301	114078055	3	0
BCND-C12	13	20795876	21691733	3	0
BCND-C12	13	28786479	29686116	3	0
BCND-C12	13	30341278	30701118	3	0
BCND-C12	13	37721283	38445695	3	0
BCND-C12	13	45933243	46731739	3	0
BCND-C12	13	52447449	53773692	3	0
BCND-C12	13	54069553	55236139	3	0
BCND-C12	13	57679667	57818894	3	0
BCND-C12	13	64152807	64358446	3	0
BCND-C12	13	72903943	73060398	3	0
BCND-C12	13	85516663	85993543	3	0
BCND-C12	13	92351047	92504857	3	0
BCND-C12	13	93930403	94140151	3	0
BCND-C12	13	105002848	105292381	3	0
BCND-C12	13	112135947	115108385	3	0
BCND-C12	14	62892016	63318592	3	0
BCND-C12	16	13785959	14486821	3	0
BCND-C12	16	18839362	24890493	3	0
BCND-C12	16	27926834	28230920	3	0
BCND-C12	16	28823915	29207159	3	0
BCND-C12	16	30302616	31315665	3	0
BCND-C12	18	7544341	7701687	1	0
BCND-C12	18	26770677	27218425	3	0
BCND-C12	18	27513146	32438429	3	0
BCND-C12	18	34725328	35362741	3	0
BCND-C12	18	35854820	36990106	3	0
BCND-C12	18	48523052	49541137	3	0
BCND-C12	19	13427805	13920195	3	0
BCND-C12	19	15961726	16124184	3	0
BCND-C12	19	16310642	17215943	3	0
BCND-C12	19	18015160	18640705	3	0
BCND-C12	19	21390640	22776390	3	0
BCND-C12	20	48568929	49104347	3	0
BCND-C12	21	16446887	16618451	1	0
BCND-C12	21	39146047	39263065	1	0
BCND-C12	21	40213383	40360134	1	0
BCND-C12	22	49813543	49920349	1	0
BCND-C12	X	2057013	2694240	3	0
BCND-C12	X	2703633	2975957	4	0
BCND-C12	X	4950141	5059182	3	0
BCND-C12	X	9483547	10294283	3	0
BCND-C12	X	16985414	17302516	3	0
BCND-C12	X	21364501	21774072	3	0
BCND-C12	X	23636793	24109443	3	0
BCND-C12	X	25698936	26067195	3	0
BCND-C12	X	27919300	28309695	3	0
BCND-C12	X	29083757	29432860	1	0
BCND-C12	X	30534887	30660178	1	0
BCND-C12	X	34195241	34325429	1	0
BCND-C12	X	39217021	40418133	1	0
BCND-C12	X	47033058	47163668	1	0
BCND-C12	X	47246321	47515073	1	0
BCND-C12	X	48204770	48436507	1	0
BCND-C12	X	50420308	51318466	1	0
BCND-C12	X	52683360	55435313	1	0
BCND-C12	X	114739063	114932285	1	0
BCND-C12	X	117731433	119292522	1	0
BCND-C12	X	124161918	124358116	1	0
BCND-C12	X	126482101	126798979	1	0
BCND-C12	X	128815106	129044110	1	0
BCND-C12	X	136441407	136679166	1	0
BCND-C12	X	141250176	141352642	1	0
BCND-C12	X	142132142	142256432	1	0
BCND-C12	X	143737674	143859256	1	0
BCND-C12	X	144618738	144879512	1	0
BCND-C12	X	149664405	149982381	1	0
BCND-C12	X	151712497	152111259	1	0
BCND-C12	X	152472934	153595418	1	0
BCND-C12	X	153654122	154040465	1	0
BCND-C12	Y	3439401	3539834	1	0
BCND-C12	Y	3826212	3993382	1	0
BCND-C12	Y	5845186	5949422	1	0
BCND-C9	3	162513080	162615903	4	0
BCND-C9	3	194997552	195104741	1	0
BCND-C9	4	69374929	69489323	4	0
BCND-C9	10	47588953	47743504	3	0
BCND-C9	11	50685118	51238712	3	0
BCND-C9	11	68074983	68207921	3	0
BCND-C9	11	68855483	69076265	3	0
BCND-C9	11	69610794	70019442	3	0
BCND-C9	14	19416179	19620039	1	0
BCND-C9	15	20564575	22430073	1	0
BCND-C9	17	16621806	16722789	0	0
BCND-C9	17	31272370	31498198	3	0
BCND-C9	17	31682660	31939956	3	0
BCND-C9	17	32684389	32855902	3	0
BCND-C9	17	33089196	33227234	3	0
BCND-C9	17	35407329	35889531	3	0
BCND-C9	17	36003359	37074573	3	0
BCND-C9	17	37222282	37423676	3	0
BCND-C9	17	38061668	38283199	3	0
BCND-C9	17	38457151	39236452	3	0
BCND-C9	17	39433233	39936305	3	0
BCND-C9	21	10736859	10934074	3	0
BCND-C9	Y	3411571	3539834	1	0
BCND-C9	Y	3819028	3993382	1	0
BCND-C9	Y	4070356	4236668	1	0
BCND-C9	Y	4684219	4789805	1	0
BCND-C9	Y	4811876	4925021	1	0
BCND-C9	Y	5746098	5949422	1	0
BCND-N9	4	69375336	69485967	4	0
BCND-N9	10	47541177	47743504	3	0
BCND-N9	12	9630544	9731637	1	0
BCND-N9	17	16621806	16722789	0	0
BCND-N9	21	10736859	10940630	3	0
BCND-N9	Y	3006232	3110769	1	0
BCND-N9	Y	3439401	3541200	1	0
BCND-N9	Y	3613770	3791903	1	0
BCND-N9	Y	3826212	3931646	1	0
BCND-N9	Y	4128628	4421798	1	0
BCND-N9	Y	4455372	4669552	1	0
BCND-N9	Y	4677743	5013153	1	0
BCND-N9	Y	5746098	5949422	1	0
BCND-C7	1	356431	837073	3	0
BCND-C7	1	180511823	180617117	3	0
BCND-C7	1	184747087	184955350	3	0
BCND-C7	1	198311359	198484784	3	0
BCND-C7	1	207406877	207513514	3	0
BCND-C7	1	245514739	245617382	3	0
BCND-C7	8	121388055	121493832	1	0
BCND-C7	8	140105742	140290000	1	0
BCND-C7	8	142200731	142560437	1	0
BCND-C7	8	144555316	144707808	1	0
BCND-C7	15	20949977	21142256	3	0
BCND-C7	15	22280465	22588019	3	0
BCND-C7	15	81588995	83199335	3	0
BCND-C7	17	48420682	48605286	3	0
BCND-C7	17	48719391	64431624	3	0
BCND-C7	17	64544316	66885526	3	0
BCND-C7	20	32972066	34681931	3	0
BCND-C7	20	45780094	46759946	3	0
BCND-C7	20	46840158	51785014	3	0
BCND-C7	20	52030561	52172614	3	0
BCND-C7	20	57514414	58610573	3	0
BCND-C7	22	25766968	25911088	3	0
BCND-C7	Y	3006232	3110769	1	0
BCND-C7	Y	3439401	3539834	1	0
BCND-C7	Y	3826212	3993382	1	0
BCND-C7	Y	4455372	4564787	1	0
BCND-C7	Y	4670883	4866464	1	0
BCND-C7	Y	5746098	5949422	1	0
BCND-C3	1	145483054	145725246	3	0
BCND-C3	1	146824678	147119273	3	0
BCND-C3	1	149041851	149229086	1	0
BCND-C3	1	152029695	152225041	3	0
BCND-C3	1	152791716	153096523	3	0
BCND-C3	1	157366664	157753573	3	0
BCND-C3	1	157936454	158436759	3	0
BCND-C3	1	158527371	159059393	3	0
BCND-C3	1	159268667	159630231	3	0
BCND-C3	1	160251572	160427986	3	0
BCND-C3	1	160858791	161111944	3	0
BCND-C3	1	162029291	162724636	3	0
BCND-C3	1	163362093	163782405	3	0
BCND-C3	1	163847340	164807548	3	0
BCND-C3	1	165292599	165446405	3	0
BCND-C3	1	165715180	166133878	3	0
BCND-C3	1	166523150	166684909	3	0
BCND-C3	1	166858941	167069850	3	0
BCND-C3	1	167865871	168240499	3	0
BCND-C3	1	169157756	169564889	3	0
BCND-C3	1	169687903	169925267	3	0
BCND-C3	1	169967051	170097057	3	0
BCND-C3	1	170870249	171071883	3	0
BCND-C3	1	171117113	171376936	3	0
BCND-C3	1	171941696	172111487	3	0
BCND-C3	1	172466509	173614951	3	0
BCND-C3	1	173872537	174606064	3	0
BCND-C3	1	174891935	175147372	3	0
BCND-C3	1	175725210	176388707	3	0
BCND-C3	1	176694226	177427460	3	0
BCND-C3	1	178033640	178621543	3	0
BCND-C3	1	178978196	179080060	3	0
BCND-C3	1	179470357	179814457	3	0
BCND-C3	1	179970264	180826552	3	0
BCND-C3	1	181896399	182071396	3	0
BCND-C3	1	182357553	182670322	3	0
BCND-C3	1	182946914	183288591	3	0
BCND-C3	1	183573317	183973511	3	0
BCND-C3	1	184022817	184731215	3	0
BCND-C3	1	185044607	185157238	3	0
BCND-C3	1	185520600	187233123	3	0
BCND-C3	1	187320741	187584699	3	0
BCND-C3	1	187666360	188285511	3	0
BCND-C3	1	188358154	189719224	3	0
BCND-C3	1	190060610	190575709	3	0
BCND-C3	1	190979336	191218747	3	0
BCND-C3	1	191388293	191709350	3	0
BCND-C3	1	192136012	192390633	3	0
BCND-C3	1	193197762	193684770	3	0
BCND-C3	1	193801258	194004906	3	0
BCND-C3	1	194287492	194782997	3	0
BCND-C3	1	194960233	195628844	3	0
BCND-C3	1	195933856	196731148	3	0
BCND-C3	1	197119905	197892803	3	0
BCND-C3	1	197988207	198267274	3	0
BCND-C3	1	198482721	198703971	3	0
BCND-C3	1	199731770	199949691	3	0
BCND-C3	1	200852856	200997372	3	0
BCND-C3	1	201198958	201315302	3	0
BCND-C3	1	201607044	201727870	3	0
BCND-C3	1	202229952	203201680	3	0
BCND-C3	1	205428066	205571375	3	0
BCND-C3	1	207028771	207295298	3	0
BCND-C3	1	207769632	207993339	3	0
BCND-C3	1	208192568	208458322	3	0
BCND-C3	1	209145438	210487028	3	0
BCND-C3	1	210695416	211054168	3	0
BCND-C3	1	211272764	211515823	3	0
BCND-C3	1	211692622	212148999	3	0
BCND-C3	1	212421052	212539991	3	0
BCND-C3	1	213093638	213333921	3	0
BCND-C3	1	213703622	213922499	3	0
BCND-C3	1	214491906	214637808	3	0
BCND-C3	1	214834170	215100167	3	0
BCND-C3	1	215175065	216942781	3	0
BCND-C3	1	217167592	217442638	3	0
BCND-C3	1	217514807	218061411	3	0
BCND-C3	1	218208930	218513199	3	0
BCND-C3	1	218981846	219090774	3	0
BCND-C3	1	219507673	219644224	3	0
BCND-C3	1	220179322	220533736	3	0
BCND-C3	1	220785755	221378068	3	0
BCND-C3	1	221526452	221692555	3	0
BCND-C3	1	221940770	222102340	3	0
BCND-C3	1	222266887	223503510	3	0
BCND-C3	1	224395782	224630212	3	0
BCND-C3	1	224843210	225473717	3	0
BCND-C3	1	225698969	225997070	3	0
BCND-C3	1	226798466	226908388	3	0
BCND-C3	1	227643049	228240520	3	0
BCND-C3	1	228971616	229193580	3	0
BCND-C3	1	229273375	229464846	3	0
BCND-C3	1	229976234	230122064	3	0
BCND-C3	1	230440021	230606178	3	0
BCND-C3	1	231568565	231730693	3	0
BCND-C3	1	232011949	232382975	3	0
BCND-C3	1	232917213	233083274	3	0
BCND-C3	1	233271173	233476181	3	0
BCND-C3	1	233591901	234057585	3	0
BCND-C3	1	235089730	236500652	3	0
BCND-C3	1	236567682	236964956	3	0
BCND-C3	1	237441153	237636097	3	0
BCND-C3	1	237819014	238037279	3	0
BCND-C3	1	238116273	238300214	3	0
BCND-C3	1	238476790	238693543	3	0
BCND-C3	1	238796840	240332314	3	0
BCND-C3	1	240398016	241384805	3	0
BCND-C3	1	241554603	241709304	3	0
BCND-C3	1	242000389	242153421	3	0
BCND-C3	1	242619665	242930622	3	0
BCND-C3	1	243431705	244304496	3	0
BCND-C3	1	244688665	244826033	3	0
BCND-C3	1	244924058	245038818	3	0
BCND-C3	1	245448489	245568193	3	0
BCND-C3	1	245620591	245993475	3	0
BCND-C3	1	246052271	246384914	3	0
BCND-C3	1	246948543	247605703	3	0
BCND-C3	1	247698164	249224376	3	0
BCND-C3	2	91653350	91796672	1	0
BCND-C3	3	50407344	50617579	3	0
BCND-C3	3	162512645	162625983	1	0
BCND-C3	4	69371991	69505103	1	0
BCND-C3	5	46313335	49464294	1	0
BCND-C3	5	68846291	69313676	1	0
BCND-C3	6	62118671	62240994	1	0
BCND-C3	7	61728395	61888128	1	0
BCND-C3	7	62123573	62369822	1	0
BCND-C3	9	40911212	44727847	1	0
BCND-C3	9	44993286	46113390	1	0
BCND-C3	9	65616959	66533706	1	0
BCND-C3	9	66839882	68151972	1	0
BCND-C3	9	68683835	69978010	1	0
BCND-C3	10	42477859	42760904	1	0
BCND-C3	11	67472905	67732314	1	0
BCND-C3	12	38034346	38161440	1	0
BCND-C3	14	20200171	20422583	3	0
BCND-C3	16	14888583	15116245	1	0
BCND-C3	16	32954713	33440384	1	0
BCND-C3	16	34197339	49651152	1	0
BCND-C3	16	49835709	50311032	1	0
BCND-C3	16	50348409	55816634	0	0
BCND-C3	16	55870405	56339226	1	0
BCND-C3	16	56376676	57051154	1	0
BCND-C3	16	57109504	57754268	1	0
BCND-C3	16	57840358	58519573	1	0
BCND-C3	16	58568117	66450721	1	0
BCND-C3	16	66536337	68418279	1	0
BCND-C3	16	68447057	70701137	1	0
BCND-C3	16	71202489	77923069	1	0
BCND-C3	16	77998122	78978176	1	0
BCND-C3	16	79007401	80136018	1	0
BCND-C3	16	80155838	80498094	1	0
BCND-C3	16	80509492	81571979	1	0
BCND-C3	16	81638362	82410073	1	0
BCND-C3	16	82421327	82725245	1	0
BCND-C3	16	82735873	83566078	1	0
BCND-C3	16	83640532	85153824	1	0
BCND-C3	16	85323886	85436888	1	0
BCND-C3	16	85705473	86391038	1	0
BCND-C3	16	86576473	87176323	1	0
BCND-C3	16	87209421	88127685	1	0
BCND-C3	16	88516171	88774569	1	0
BCND-C3	16	89182218	89662422	1	0
BCND-C3	16	89804855	90063089	1	0
BCND-C3	17	18355380	18465209	1	0
BCND-C3	19	43290773	43549002	1	0
BCND-C3	21	14364519	14597020	1	0
BCND-C3	X	56263006	56379627	3	0
BCND-N3	1	235658	718651	1	0
BCND-N3	1	104163775	104268210	1	0
BCND-N3	1	120686988	121129337	1	0
BCND-N3	1	121436207	144045290	1	0
BCND-N3	1	144337917	144902223	1	0
BCND-N3	1	144938879	145103068	1	0
BCND-N3	1	148575303	149306056	1	0
BCND-N3	1	149373103	149691734	1	0
BCND-N3	1	161517939	161618679	1	0
BCND-N3	1	243135255	243274530	1	0
BCND-N3	2	91653350	91858937	1	0
BCND-N3	2	130781750	130917152	1	0
BCND-N3	3	83363531	83516136	3	0
BCND-N3	3	90023319	90154534	3	0
BCND-N3	3	162512645	162626591	1	0
BCND-N3	4	49291343	49650094	1	0
BCND-N3	4	69371991	69558259	1	0
BCND-N3	4	187508501	187612998	3	0
BCND-N3	5	46278212	46389261	1	0
BCND-N3	5	68846291	69313676	1	0
BCND-N3	6	62118671	62240994	0	0
BCND-N3	7	61728395	61987311	1	0
BCND-N3	8	46386	162660	1	0
BCND-N3	8	2397978	2514806	3	0
BCND-N3	8	7865790	7990282	1	0
BCND-N3	8	99876724	100003214	1	0
BCND-N3	9	40552256	44469316	1	0
BCND-N3	9	44855725	46390902	1	0
BCND-N3	9	65616959	66482225	1	0
BCND-N3	9	66839882	68175529	1	0
BCND-N3	9	68219478	68324259	1	0
BCND-N3	9	68342617	69930220	1	0
BCND-N3	10	38912721	42760904	1	0
BCND-N3	10	47695269	47967299	1	0
BCND-N3	10	48902364	49287591	1	0
BCND-N3	11	50520259	51227500	1	0
BCND-N3	11	67472905	67749246	1	0
BCND-N3	11	71477568	71619911	1	0
BCND-N3	11	89535654	89857542	1	0
BCND-N3	14	19078694	19273613	1	0
BCND-N3	14	20200171	20420227	3	0
BCND-N3	15	21201521	21302204	1	0
BCND-N3	15	30775982	30936285	1	0
BCND-N3	15	82680087	83204498	1	0
BCND-N3	16	14888583	15052137	1	0
BCND-N3	16	16290242	16652687	1	0
BCND-N3	16	32013266	32146874	1	0
BCND-N3	16	32565117	32808579	1	0
BCND-N3	16	32950241	33440384	1	0
BCND-N3	16	35183781	46491374	1	0
BCND-N3	16	70124753	70277620	1	0
BCND-N3	16	74364011	74466893	1	0
BCND-N3	17	34543331	34821058	1	0
BCND-N3	17	43585744	43693538	1	0
BCND-N3	17	60451882	60572934	1	0
BCND-N3	19	43247513	43560364	1	0
BCND-N3	20	45969875	46093202	1	0
BCND-N3	21	11126188	14436779	1	0
BCND-N3	X	56263006	56379413	4	0
BCND-N3	X	151709336	151869821	3	0
BCND-N3	X	152633554	152813424	3	0
BCND-C6	1	108896361	109019015	1	0
BCND-C6	1	149036512	149259404	3	0
BCND-C6	1	188911678	189090526	3	0
BCND-C6	1	189248917	189656090	3	0
BCND-C6	1	190060610	190920467	4	0
BCND-C6	1	190993052	191197802	3	0
BCND-C6	1	191388293	191786477	3	0
BCND-C6	1	192218869	192390039	3	0
BCND-C6	1	193409718	193584546	3	0
BCND-C6	1	194304618	194530769	3	0
BCND-C6	1	194628757	194854749	4	0
BCND-C6	1	194929300	195898719	3	0
BCND-C6	1	195997351	196711175	3	0
BCND-C6	1	196801838	197645749	3	0
BCND-C6	1	198418483	199638526	3	0
BCND-C6	1	199807063	200180022	3	0
BCND-C6	1	200289265	200832792	3	0
BCND-C6	1	201194783	201315302	3	0
BCND-C6	1	201473403	203010906	4	0
BCND-C6	1	203082293	208458322	3	0
BCND-C6	1	208651369	210138346	3	0
BCND-C6	1	216495400	216941740	3	0
BCND-C6	1	218018956	220705878	4	0
BCND-C6	1	220823371	221772054	4	0
BCND-C6	1	230051057	230206891	4	0
BCND-C6	1	230332057	230560413	4	0
BCND-C6	1	243059611	243282484	1	0
BCND-C6	2	12772	145899	3	0
BCND-C6	2	338325	457320	3	0
BCND-C6	2	3257281	3365707	3	0
BCND-C6	2	9017174	9159651	3	0
BCND-C6	2	11822691	12055060	3	0
BCND-C6	2	18532682	18668997	3	0
BCND-C6	2	19431168	19532345	3	0
BCND-C6	2	20711702	21080913	3	0
BCND-C6	2	25017708	25127466	3	0
BCND-C6	2	38476110	38656955	3	0
BCND-C6	2	38783014	38904992	3	0
BCND-C6	2	45692622	45841303	3	0
BCND-C6	2	46736046	46892958	3	0
BCND-C6	2	91653350	91796672	1	0
BCND-C6	3	7955370	8078973	3	0
BCND-C6	3	9240192	9360199	3	0
BCND-C6	3	9413399	9574352	3	0
BCND-C6	3	10659354	10778894	3	0
BCND-C6	3	12305660	12444307	3	0
BCND-C6	3	17692368	17882050	3	0
BCND-C6	3	20301653	20406099	3	0
BCND-C6	3	23120060	23455235	3	0
BCND-C6	3	23988685	24100824	3	0
BCND-C6	3	24266437	24376465	3	0
BCND-C6	3	27286932	27395234	3	0
BCND-C6	3	27679283	27798842	3	0
BCND-C6	3	30748882	30871240	3	0
BCND-C6	3	32143470	32247325	3	0
BCND-C6	3	34024694	34237001	3	0
BCND-C6	3	36691401	36849577	3	0
BCND-C6	3	37321513	37562141	3	0
BCND-C6	3	37594735	37771982	3	0
BCND-C6	3	37806927	38081541	3	0
BCND-C6	3	38167635	38300401	3	0
BCND-C6	3	38461279	38788728	3	0
BCND-C6	3	38875649	39237770	3	0
BCND-C6	3	39625130	39806879	3	0
BCND-C6	3	40110299	40260169	3	0
BCND-C6	3	40343728	40780694	3	0
BCND-C6	3	41488128	41619441	3	0
BCND-C6	3	42238849	42368121	3	0
BCND-C6	3	42529931	42754589	3	0
BCND-C6	3	42944201	43102509	3	0
BCND-C6	3	43851792	43965815	3	0
BCND-C6	3	44342414	44674080	3	0
BCND-C6	3	45533224	45647786	3	0
BCND-C6	3	45822437	45924953	3	0
BCND-C6	3	46514763	46805111	3	0
BCND-C6	3	46869937	47163824	3	0
BCND-C6	3	47497202	47776017	3	0
BCND-C6	3	47867461	48055775	3	0
BCND-C6	3	48282494	48396428	3	0
BCND-C6	3	49034505	49247079	3	0
BCND-C6	3	49653111	49760567	3	0
BCND-C6	3	49898366	50861611	3	0
BCND-C6	3	50960772	51281362	3	0
BCND-C6	3	51406801	52179376	3	0
BCND-C6	3	52374026	52569908	3	0
BCND-C6	3	52805209	53037242	3	0
BCND-C6	3	53124501	53457819	3	0
BCND-C6	3	53663835	53993360	3	0
BCND-C6	3	54077256	54304191	3	0
BCND-C6	3	54325344	54583127	3	0
BCND-C6	3	54619762	55164934	3	0
BCND-C6	3	55340773	55862870	3	0
BCND-C6	3	55909573	56099783	3	0
BCND-C6	3	56340199	56448074	3	0
BCND-C6	3	56487580	56766161	3	0
BCND-C6	3	57078055	57459912	3	0
BCND-C6	3	57549345	57752217	3	0
BCND-C6	3	57837585	58181747	3	0
BCND-C6	3	58283722	58646552	3	0
BCND-C6	3	58787664	59420922	3	0
BCND-C6	3	59435770	59585397	3	0
BCND-C6	3	59758674	59873808	3	0
BCND-C6	3	60088061	60204763	3	0
BCND-C6	3	60572073	60709745	3	0
BCND-C6	3	61144427	61444996	3	0
BCND-C6	3	61847133	62000479	3	0
BCND-C6	3	62188623	62352322	3	0
BCND-C6	3	63405151	63976872	3	0
BCND-C6	3	64087669	64193562	3	0
BCND-C6	3	64256136	64468933	3	0
BCND-C6	3	64684702	64802234	3	0
BCND-C6	3	65379294	65585526	3	0
BCND-C6	3	65885663	66319462	3	0
BCND-C6	3	66729080	66888576	3	0
BCND-C6	3	66983667	67132200	3	0
BCND-C6	3	67211709	67405290	3	0
BCND-C6	3	67950420	68077060	3	0
BCND-C6	3	68095960	68280150	3	0
BCND-C6	3	68993648	69221072	3	0
BCND-C6	3	70540671	70798190	3	0
BCND-C6	3	71094738	71341222	3	0
BCND-C6	3	71432139	71635267	3	0
BCND-C6	3	71760522	71935098	3	0
BCND-C6	3	72704739	72920099	3	0
BCND-C6	3	73589370	73728174	3	0
BCND-C6	3	74081761	74278301	3	0
BCND-C6	3	76289733	76545573	3	0
BCND-C6	3	76693176	77356374	3	0
BCND-C6	3	77499232	77627750	3	0
BCND-C6	3	77986684	78163814	3	0
BCND-C6	3	78692276	78795054	3	0
BCND-C6	3	79124178	79556966	3	0
BCND-C6	3	79707357	79829329	3	0
BCND-C6	3	79969506	80191845	3	0
BCND-C6	3	80265933	80500674	3	0
BCND-C6	3	80780361	80997120	3	0
BCND-C6	3	81691702	81827963	3	0
BCND-C6	3	82544495	82692551	3	0
BCND-C6	3	82768662	82918183	3	0
BCND-C6	3	83004085	83137614	3	0
BCND-C6	3	83208500	84333614	3	0
BCND-C6	3	84491348	84694360	3	0
BCND-C6	3	85020452	85389876	3	0
BCND-C6	3	85979714	86087497	3	0
BCND-C6	3	86259041	86731319	3	0
BCND-C6	3	88101410	88229511	3	0
BCND-C6	3	88532416	88655212	3	0
BCND-C6	3	89047819	89150942	3	0
BCND-C6	3	90023319	90218345	3	0
BCND-C6	3	95432527	95606270	3	0
BCND-C6	3	103562555	103723944	3	0
BCND-C6	3	126040939	126220864	3	0
BCND-C6	3	127253475	127400506	3	0
BCND-C6	3	133868315	133997989	3	0
BCND-C6	3	141102469	141277651	3	0
BCND-C6	3	144445726	144549968	3	0
BCND-C6	3	156914609	157052607	3	0
BCND-C6	3	162513080	162615903	4	0
BCND-C6	3	187650907	187757164	3	0
BCND-C6	3	193545633	193706779	3	0
BCND-C6	4	49291343	49658600	1	0
BCND-C6	4	64295154	64688251	3	0
BCND-C6	4	65760562	66040434	3	0
BCND-C6	4	66897900	67235969	3	0
BCND-C6	4	67673566	67889617	3	0
BCND-C6	4	69375336	69485967	4	0
BCND-C6	4	70128400	70232010	1	0
BCND-C6	4	74583661	74687355	3	0
BCND-C6	4	75206124	75395005	3	0
BCND-C6	4	78139780	78327333	3	0
BCND-C6	4	87187041	87696650	3	0
BCND-C6	4	87997966	88185407	3	0
BCND-C6	4	88923477	89190458	3	0
BCND-C6	4	93499734	93922871	3	0
BCND-C6	4	94522091	94635538	3	0
BCND-C6	4	94954551	95534252	3	0
BCND-C6	4	96760132	97303026	3	0
BCND-C6	4	97634288	97873619	3	0
BCND-C6	4	98474381	98714912	3	0
BCND-C6	4	99143093	99463196	3	0
BCND-C6	4	99470285	99816699	3	0
BCND-C6	4	100682256	101024597	3	0
BCND-C6	4	102088150	102276682	3	0
BCND-C6	4	103555822	103807312	3	0
BCND-C6	4	107864131	108068401	3	0
BCND-C6	4	108399696	108519439	3	0
BCND-C6	4	108960070	109912544	3	0
BCND-C6	4	112309224	112726728	3	0
BCND-C6	4	113698005	113954466	3	0
BCND-C6	4	114497907	114781247	3	0
BCND-C6	4	115086496	115207479	3	0
BCND-C6	4	116699955	117275846	3	0
BCND-C6	4	120071926	120258207	3	0
BCND-C6	4	123729475	123901212	3	0
BCND-C6	4	124274093	124548625	3	0
BCND-C6	4	126985625	127093660	3	0
BCND-C6	4	127291496	127535036	3	0
BCND-C6	4	131010834	131138574	3	0
BCND-C6	4	131792421	132330893	3	0
BCND-C6	4	133764080	134020765	3	0
BCND-C6	4	134244631	135700662	3	0
BCND-C6	4	136917926	137132260	3	0
BCND-C6	4	137760899	138183286	3	0
BCND-C6	4	144292145	144412586	3	0
BCND-C6	4	149941383	150218776	3	0
BCND-C6	4	152442760	152768413	3	0
BCND-C6	4	153668328	153872443	3	0
BCND-C6	4	154513627	154679678	3	0
BCND-C6	4	157383426	157504593	3	0
BCND-C6	4	158335620	159317704	3	0
BCND-C6	4	161129696	161392643	3	0
BCND-C6	4	161996960	163644376	3	0
BCND-C6	4	167425316	168055032	3	0
BCND-C6	4	169314140	169501728	3	0
BCND-C6	4	169899426	170144015	3	0
BCND-C6	4	170408502	170626898	3	0
BCND-C6	4	172706704	172914759	3	0
BCND-C6	4	173546587	173876655	3	0
BCND-C6	4	174946923	175219903	3	0
BCND-C6	4	177296833	177401995	3	0
BCND-C6	4	180826197	181175011	3	0
BCND-C6	4	183516892	183681048	3	0
BCND-C6	4	183985519	184326127	3	0
BCND-C6	4	184866006	185008780	3	0
BCND-C6	4	185333092	185521937	3	0
BCND-C6	4	185870782	186631521	3	0
BCND-C6	4	186815026	186998963	3	0
BCND-C6	4	187181280	187346699	3	0
BCND-C6	4	187442453	187612401	3	0
BCND-C6	5	24569247	27378510	1	0
BCND-C6	5	27691064	27827534	1	0
BCND-C6	5	46271918	49526015	1	0
BCND-C6	6	525480	635126	3	0
BCND-C6	6	13109015	13273661	3	0
BCND-C6	6	13544906	13646929	3	0
BCND-C6	6	38907291	39056150	3	0
BCND-C6	6	44061595	44297882	3	0
BCND-C6	6	62883547	63155352	1	0
BCND-C6	6	63251283	63427274	1	0
BCND-C6	6	66993443	67102718	1	0
BCND-C6	6	72073567	72244751	3	0
BCND-C6	6	73449218	73561368	1	0
BCND-C6	6	76212711	76401100	1	0
BCND-C6	6	93458149	93656050	1	0
BCND-C6	6	119840680	120086433	1	0
BCND-C6	6	121705448	121810461	1	0
BCND-C6	6	124201527	124315587	1	0
BCND-C6	6	128213908	128343842	1	0
BCND-C6	6	140545114	140676761	1	0
BCND-C6	6	148126753	148232809	1	0
BCND-C6	6	157775850	157903731	1	0
BCND-C6	6	159270803	159382330	1	0
BCND-C6	6	165099064	165213758	1	0
BCND-C6	7	1886333	2088542	3	0
BCND-C6	7	7057242	7207529	3	0
BCND-C6	7	26386154	26493624	3	0
BCND-C6	7	29257306	29377778	3	0
BCND-C6	7	34143378	34277324	3	0
BCND-C6	7	47941357	48070482	3	0
BCND-C6	7	94538506	94944845	3	0
BCND-C6	7	95164907	95541745	3	0
BCND-C6	7	95548031	96088656	3	0
BCND-C6	7	96521510	97385958	3	0
BCND-C6	7	102460016	102828573	3	0
BCND-C6	7	102928128	103296609	3	0
BCND-C6	7	103479069	103843369	3	0
BCND-C6	7	103878225	103998714	3	0
BCND-C6	7	104057444	104557208	3	0
BCND-C6	7	104659901	105829685	3	0
BCND-C6	7	105837096	106558588	3	0
BCND-C6	7	106626928	108254739	3	0
BCND-C6	7	108346478	108592708	3	0
BCND-C6	7	108672333	109124475	3	0
BCND-C6	7	109347252	110071514	3	0
BCND-C6	7	110422826	110899748	3	0
BCND-C6	7	111037413	111739492	3	0
BCND-C6	7	111792410	112121814	3	0
BCND-C6	7	112309180	112720698	3	0
BCND-C6	7	112959620	115705799	3	0
BCND-C6	7	115984243	116354525	3	0
BCND-C6	7	116419380	116811441	3	0
BCND-C6	7	116922318	117308205	3	0
BCND-C6	7	117382936	120410613	3	0
BCND-C6	7	120571115	120721267	3	0
BCND-C6	7	120921926	121321387	3	0
BCND-C6	7	121494164	121982935	3	0
BCND-C6	7	122513040	122925417	3	0
BCND-C6	7	123197862	124888249	3	0
BCND-C6	7	124994664	125387218	3	0
BCND-C6	7	125532286	126037381	3	0
BCND-C6	7	126054386	126709300	3	0
BCND-C6	7	126756965	126867447	3	0
BCND-C6	7	126967032	127374047	3	0
BCND-C6	7	127423112	127806005	3	0
BCND-C6	7	127952871	128077879	3	0
BCND-C6	7	128330630	128654088	3	0
BCND-C6	7	128736014	129001148	3	0
BCND-C6	7	129254590	130828651	3	0
BCND-C6	7	130922010	133729198	3	0
BCND-C6	7	133815391	134079554	3	0
BCND-C6	7	134166726	134977704	3	0
BCND-C6	7	134991358	136078072	3	0
BCND-C6	7	136145817	136805961	3	0
BCND-C6	7	137134371	137273672	3	0
BCND-C6	7	137507297	139274210	3	0
BCND-C6	7	139336576	139516748	3	0
BCND-C6	7	139612088	139939889	3	0
BCND-C6	7	140523784	140920748	3	0
BCND-C6	7	140998955	141770248	3	0
BCND-C6	7	141822537	141951855	3	0
BCND-C6	7	142342272	142474939	3	0
BCND-C6	7	142486483	143253347	3	0
BCND-C6	7	143655187	143873940	3	0
BCND-C6	7	144105929	144557007	3	0
BCND-C6	7	144722213	145836646	3	0
BCND-C6	7	146226298	146609025	3	0
BCND-C6	7	146942940	147075316	3	0
BCND-C6	7	147307319	147753561	3	0
BCND-C6	7	147771183	147932128	3	0
BCND-C6	7	148092983	150121495	3	0
BCND-C6	7	150278502	151343638	3	0
BCND-C6	7	151517148	152827508	3	0
BCND-C6	7	152963685	153647934	3	0
BCND-C6	7	154074879	154868594	3	0
BCND-C6	7	154966514	155547888	3	0
BCND-C6	7	155705682	155953063	3	0
BCND-C6	7	156042184	157230236	3	0
BCND-C6	7	157306484	157713244	3	0
BCND-C6	7	157867621	158680567	3	0
BCND-C6	7	158753851	159119708	3	0
BCND-C6	8	7029978	7226424	1	0
BCND-C6	8	7637285	7832042	1	0
BCND-C6	8	37091101	38712601	4	0
BCND-C6	8	38949972	51820171	4	0
BCND-C6	8	51836772	57386804	4	0
BCND-C6	8	57393286	60591601	4	0
BCND-C6	8	60599115	70199861	4	0
BCND-C6	8	70211572	70952739	4	0
BCND-C6	8	70963420	93015710	4	0
BCND-C6	8	93020885	95559820	4	0
BCND-C6	8	95576338	114567013	4	0
BCND-C6	8	114592689	115635689	4	0
BCND-C6	8	115640896	119311130	4	0
BCND-C6	8	119325661	124687921	4	0
BCND-C6	8	124714722	129756266	4	0
BCND-C6	8	129777442	130066249	3	0
BCND-C6	8	130072387	130761715	4	0
BCND-C6	8	130773851	136987802	4	0
BCND-C6	8	137003611	138039452	4	0
BCND-C6	8	138053972	144283651	4	0
BCND-C6	8	144322606	146298143	4	0
BCND-C6	9	44727847	45380018	1	0
BCND-C6	9	46038841	66482225	1	0
BCND-C6	10	803721	1052950	1	0
BCND-C6	10	2289105	2404365	1	0
BCND-C6	10	5258450	5390759	1	0
BCND-C6	10	6222744	6358910	1	0
BCND-C6	10	8550963	8651095	1	0
BCND-C6	10	9560112	9796738	1	0
BCND-C6	10	9944810	10077215	1	0
BCND-C6	10	10754532	10875356	1	0
BCND-C6	10	11843213	11960602	1	0
BCND-C6	10	12317898	12464973	1	0
BCND-C6	10	12944980	13105832	1	0
BCND-C6	10	13370123	13489263	1	0
BCND-C6	10	14826792	15001124	1	0
BCND-C6	10	16007191	16213275	1	0
BCND-C6	10	16462141	16711259	1	0
BCND-C6	10	17453671	17621717	1	0
BCND-C6	10	18357310	18503180	1	0
BCND-C6	10	20068842	20206331	1	0
BCND-C6	10	21352013	21456420	1	0
BCND-C6	10	24505364	24626433	1	0
BCND-C6	10	24959412	25099248	1	0
BCND-C6	10	32311541	32563922	1	0
BCND-C6	10	35120902	35426664	1	0
BCND-C6	10	36013541	36209003	1	0
BCND-C6	10	36710530	36847835	1	0
BCND-C6	10	36870650	36980662	1	0
BCND-C6	10	37298828	37519812	1	0
BCND-C6	10	38513553	42790016	1	0
BCND-C6	10	46206627	46981346	1	0
BCND-C6	10	48730686	49287591	1	0
BCND-C6	10	51043786	51604686	1	0
BCND-C6	10	53094618	53244423	1	0
BCND-C6	10	53689505	53790625	1	0
BCND-C6	10	54063721	54166693	1	0
BCND-C6	10	66062323	66299186	1	0
BCND-C6	10	72092563	72263919	1	0
BCND-C6	10	103458029	103582455	1	0
BCND-C6	10	123148027	123268434	1	0
BCND-C6	11	50523890	51227744	1	0
BCND-C6	11	54720811	55045843	1	0
BCND-C6	11	61055295	61244708	1	0
BCND-C6	11	61791421	61893557	1	0
BCND-C6	11	62410411	62659757	1	0
BCND-C6	11	62975619	63109441	1	0
BCND-C6	11	63176802	63311250	1	0
BCND-C6	11	63396384	63758212	1	0
BCND-C6	11	65049278	65241751	1	0
BCND-C6	11	65429283	65531641	1	0
BCND-C6	11	65764130	65949674	1	0
BCND-C6	11	83746944	83925637	1	0
BCND-C6	11	89213237	89317609	1	0
BCND-C6	11	89457692	89932110	1	0
BCND-C6	11	93306682	93558199	1	0
BCND-C6	11	94879318	95031777	1	0
BCND-C6	11	96607288	96755393	1	0
BCND-C6	11	98442910	98576541	1	0
BCND-C6	11	101987090	102136368	1	0
BCND-C6	11	102847160	103003529	1	0
BCND-C6	11	103335225	103440709	1	0
BCND-C6	11	118135449	118349621	1	0
BCND-C6	12	3748558	3850495	3	0
BCND-C6	12	4676025	4815569	3	0
BCND-C6	12	10553267	10709398	3	0
BCND-C6	12	12609480	12720256	3	0
BCND-C6	12	18149709	18274150	3	0
BCND-C6	12	19058343	19177711	3	0
BCND-C6	12	34426699	34578286	3	0
BCND-C6	12	46590364	46770905	3	0
BCND-C6	12	47493483	47669750	3	0
BCND-C6	12	68735217	68859088	3	0
BCND-C6	13	37645667	37790007	1	0
BCND-C6	13	54687221	54818851	1	0
BCND-C6	13	71643391	71763633	1	0
BCND-C6	14	19002112	19273613	1	0
BCND-C6	15	20422366	20581443	0	0
BCND-C6	15	20863052	22681064	1	0
BCND-C6	16	1954300	2178563	3	0
BCND-C6	16	25444654	25551872	3	0
BCND-C6	16	52070342	52288014	3	0
BCND-C6	16	52795940	52998602	3	0
BCND-C6	16	53195608	53321233	3	0
BCND-C6	16	53568980	53678691	3	0
BCND-C6	16	55571825	55734699	3	0
BCND-C6	16	56145049	56530449	3	0
BCND-C6	16	56671483	56823046	3	0
BCND-C6	16	57198531	57312897	3	0
BCND-C6	16	58842239	59098797	3	0
BCND-C6	16	59378164	59485972	3	0
BCND-C6	16	64825472	64972164	3	0
BCND-C6	16	65398824	65692752	3	0
BCND-C6	16	66923655	67040955	3	0
BCND-C6	16	70704090	70806674	3	0
BCND-C6	16	72195532	72329956	3	0
BCND-C6	16	72455391	72868452	3	0
BCND-C6	16	77891825	78025533	3	0
BCND-C6	16	79749005	79879453	3	0
BCND-C6	16	79965489	80155838	3	0
BCND-C6	16	83329824	83487594	3	0
BCND-C6	16	85447184	85671919	3	0
BCND-C6	16	86869219	86993623	3	0
BCND-C6	16	87243114	87381443	3	0
BCND-C6	16	87657274	87783383	3	0
BCND-C6	16	88132656	88277202	3	0
BCND-C6	16	89053033	89270831	3	0
BCND-C6	17	1071624	1223254	1	0
BCND-C6	17	7574400	7722365	1	0
BCND-C6	17	15513054	15729751	1	0
BCND-C6	17	21991481	22113908	3	0
BCND-C6	17	27397974	27500069	3	0
BCND-C6	17	28797712	28937652	3	0
BCND-C6	17	29103501	30880899	3	0
BCND-C6	17	30919107	32265417	3	0
BCND-C6	17	32289276	32756960	3	0
BCND-C6	17	32842603	33090076	3	0
BCND-C6	17	34252537	38356803	3	0
BCND-C6	17	38527758	39136485	3	0
BCND-C6	17	39141490	39421696	3	0
BCND-C6	17	39432712	41259049	3	0
BCND-C6	17	41269821	51235601	3	0
BCND-C6	17	51240370	54260091	3	0
BCND-C6	17	54305550	55644195	3	0
BCND-C6	17	55714956	55854449	3	0
BCND-C6	17	55903482	60290185	3	0
BCND-C6	17	60657295	67885266	3	0
BCND-C6	17	67900590	71419750	3	0
BCND-C6	17	71422924	72549032	3	0
BCND-C6	17	72663071	75051444	3	0
BCND-C6	17	75173021	76525565	3	0
BCND-C6	17	76543242	77194619	3	0
BCND-C6	17	77247178	80527566	3	0
BCND-C6	17	80683718	81049726	3	0
BCND-C6	19	490415	939765	3	0
BCND-C6	19	1118021	1317997	3	0
BCND-C6	19	12332632	12464554	3	0
BCND-C6	19	19611256	19856490	3	0
BCND-C6	19	20953619	21154156	3	0
BCND-C6	19	21370630	21474099	3	0
BCND-C6	19	34162728	34296493	3	0
BCND-C6	19	44435719	44553503	3	0
BCND-C6	19	47883945	48000021	3	0
BCND-C6	21	10921275	11123428	1	0
BCND-C6	21	11126188	14570562	1	0
BCND-C6	21	14676716	14785633	1	0
BCND-C6	21	15545240	15837833	4	0
BCND-C6	21	15867135	19196254	4	0
BCND-C6	21	19202928	20904949	1	0
BCND-C6	21	25157994	25274605	1	0
BCND-C6	21	31948095	32048996	1	0
BCND-C6	21	37569159	37734212	1	0
BCND-C6	22	16055171	16490964	1	0
BCND-C6	22	16918820	17026030	1	0
BCND-C6	22	20977077	21083119	1	0
BCND-C6	22	21460486	21611337	1	0
BCND-C6	22	22145101	22266808	1	0
BCND-C6	22	22627044	22752450	1	0
BCND-C6	22	23051908	23805137	3	0
BCND-C6	22	24037193	24269430	3	0
BCND-C6	22	24433372	24987863	3	0
BCND-C6	22	25621123	25736666	1	0
BCND-C6	22	25993952	26108305	1	0
BCND-C6	22	33401215	33504449	1	0
BCND-C6	X	3667596	3982274	1	0
BCND-C6	X	20874693	20997246	1	0
BCND-C6	X	21194316	21375074	1	0
BCND-C6	X	34809828	34910816	1	0
BCND-C6	X	55487359	55610932	1	0
BCND-C6	X	58107416	58237253	1	0
BCND-C6	X	65823148	65973490	1	0
BCND-C6	X	78003319	78200361	1	0
BCND-C6	X	88881906	89025220	1	0
BCND-C6	X	90748417	90859495	1	0
BCND-C6	X	93135095	93241592	1	0
BCND-C6	X	97203701	97367106	1	0
BCND-C6	X	113631336	113769281	1	0
BCND-C6	X	134309727	134462909	1	0
BCND-C6	X	145755474	145915740	1	0
BCND-C5	1	61723	625458	1	0
BCND-C5	1	195319845	195815552	3	0
BCND-C5	1	195997351	197281025	3	0
BCND-C5	1	199700152	199953766	3	0
BCND-C5	1	200262385	200595273	3	0
BCND-C5	1	202539944	202806227	3	0
BCND-C5	1	205428066	205571375	3	0
BCND-C5	1	211272764	211554195	3	0
BCND-C5	1	211649071	213333921	3	0
BCND-C5	1	215175065	215855982	3	0
BCND-C5	1	216006609	216926651	3	0
BCND-C5	1	217489370	218056929	3	0
BCND-C5	1	218259988	218543311	3	0
BCND-C5	1	218905236	219069535	3	0
BCND-C5	1	220181010	220333741	3	0
BCND-C5	1	220826793	220937779	3	0
BCND-C5	1	222968863	223436897	3	0
BCND-C5	1	223910587	224706447	3	0
BCND-C5	1	224827497	224967119	3	0
BCND-C5	1	225742073	226618739	3	0
BCND-C5	1	227307753	227494029	3	0
BCND-C5	1	227940738	228096298	3	0
BCND-C5	1	229290007	229811157	3	0
BCND-C5	1	230220079	230574337	3	0
BCND-C5	1	230877144	231070673	3	0
BCND-C5	1	232900264	233182461	3	0
BCND-C5	1	234510262	234627959	3	0
BCND-C5	1	235020925	236950209	3	0
BCND-C5	1	237058801	237743099	3	0
BCND-C5	1	237904394	238043278	3	0
BCND-C5	1	238816009	239377966	3	0
BCND-C5	1	239574354	239855308	3	0
BCND-C5	1	240054681	240318571	3	0
BCND-C5	1	242020507	242153421	3	0
BCND-C5	1	243389174	244262017	3	0
BCND-C5	1	244688665	245112520	3	0
BCND-C5	1	245638038	245816984	3	0
BCND-C5	1	245820560	245989362	3	0
BCND-C5	1	246108968	247636338	3	0
BCND-C5	1	247857274	249224376	3	0
BCND-C5	2	36272593	36502991	1	0
BCND-C5	2	41969596	42074637	1	0
BCND-C5	2	45573050	45687038	1	0
BCND-C5	2	48195075	48337810	1	0
BCND-C5	2	49120549	49227408	1	0
BCND-C5	2	58012194	58126930	1	0
BCND-C5	2	60709247	60845560	1	0
BCND-C5	2	83759220	83916472	1	0
BCND-C5	2	91653934	91796672	1	0
BCND-C5	2	92275027	95972033	1	0
BCND-C5	2	96071492	96684876	1	0
BCND-C5	2	96831187	97156889	1	0
BCND-C5	2	97228078	98259721	1	0
BCND-C5	2	98365114	98611541	1	0
BCND-C5	2	98676108	99069208	1	0
BCND-C5	2	99195806	99506152	1	0
BCND-C5	2	99560239	100869042	1	0
BCND-C5	2	100951031	101552926	1	0
BCND-C5	2	101705989	101815925	1	0
BCND-C5	2	101989630	102587810	1	0
BCND-C5	2	102643019	105356894	1	0
BCND-C5	2	105374964	105876510	1	0
BCND-C5	2	106008922	106127830	1	0
BCND-C5	2	106160572	106602984	1	0
BCND-C5	2	106648882	106860354	1	0
BCND-C5	2	106891143	106993244	1	0
BCND-C5	2	107120833	108816273	1	0
BCND-C5	2	136462542	136563429	3	0
BCND-C5	3	50405997	50699268	3	0
BCND-C5	3	51507342	51768119	3	0
BCND-C5	3	53737161	53884031	3	0
BCND-C5	3	57082743	57192927	3	0
BCND-C5	3	57560420	57748790	3	0
BCND-C5	3	101510513	101723371	3	0
BCND-C5	3	101772321	101919080	3	0
BCND-C5	4	128847075	128973559	3	0
BCND-C5	5	46313335	49502244	1	0
BCND-C5	7	61812146	61987311	1	0
BCND-C5	7	62080741	62466229	1	0
BCND-C5	7	64935945	65076447	1	0
BCND-C5	7	76153336	76512976	1	0
BCND-C5	7	79344577	79460083	1	0
BCND-C5	7	81824028	82004280	1	0
BCND-C5	7	86452383	86600404	1	0
BCND-C5	7	89695380	89810261	1	0
BCND-C5	7	92734065	92841364	1	0
BCND-C5	7	96091765	96235774	1	0
BCND-C5	7	96377220	96494054	1	0
BCND-C5	7	97268363	97454314	1	0
BCND-C5	7	97681009	97791585	1	0
BCND-C5	7	98623784	98764682	0	0
BCND-C5	7	99248779	99380798	1	0
BCND-C5	7	100505792	100633827	1	0
BCND-C5	7	102015968	102458296	1	0
BCND-C5	7	110173765	110294339	1	0
BCND-C5	7	112822522	112946514	1	0
BCND-C5	7	114120328	114377147	1	0
BCND-C5	7	126456282	126560192	1	0
BCND-C5	7	137398719	137500364	1	0
BCND-C5	7	146108751	146222865	1	0
BCND-C5	8	283592	384346	1	0
BCND-C5	8	716403	819688	1	0
BCND-C5	8	2001345	2125638	1	0
BCND-C5	8	2178795	2317519	1	0
BCND-C5	8	2531603	2665832	1	0
BCND-C5	8	3042361	3159709	1	0
BCND-C5	8	3242932	3350377	1	0
BCND-C5	8	3382471	3519682	1	0
BCND-C5	8	4609970	4761500	1	0
BCND-C5	8	4819101	4942954	1	0
BCND-C5	8	5205807	5332815	1	0
BCND-C5	8	5342489	5583855	1	0
BCND-C5	8	5871827	5987044	1	0
BCND-C5	8	6799565	6914677	1	0
BCND-C5	8	6959821	8124510	1	0
BCND-C5	8	8820133	9118312	1	0
BCND-C5	8	9396447	9740690	1	0
BCND-C5	8	11746764	12625828	1	0
BCND-C5	8	12667357	12873414	1	0
BCND-C5	8	13010029	13120819	1	0
BCND-C5	8	13353848	13490580	1	0
BCND-C5	8	13826103	14066965	1	0
BCND-C5	8	14997353	15326849	1	0
BCND-C5	8	15423270	15683208	1	0
BCND-C5	8	15699726	15933011	1	0
BCND-C5	8	16178121	16327702	1	0
BCND-C5	8	16517303	16668222	1	0
BCND-C5	8	16713881	16829930	1	0
BCND-C5	8	18389272	18515591	1	0
BCND-C5	8	19394854	19707169	1	0
BCND-C5	8	19737044	20091363	1	0
BCND-C5	8	20464073	20610076	1	0
BCND-C5	8	21036562	21165085	1	0
BCND-C5	8	21341176	21521396	1	0
BCND-C5	8	22347060	22474654	1	0
BCND-C5	8	23423669	23529867	1	0
BCND-C5	8	23624151	24025272	1	0
BCND-C5	8	24157756	24337638	1	0
BCND-C5	8	24597480	24729600	1	0
BCND-C5	8	24823693	24972187	1	0
BCND-C5	8	25409922	25783083	1	0
BCND-C5	8	27123947	27288033	1	0
BCND-C5	8	27582825	27715090	1	0
BCND-C5	8	27925796	28038776	1	0
BCND-C5	8	28659755	28917035	1	0
BCND-C5	8	29470524	29703505	1	0
BCND-C5	8	30755489	30998022	1	0
BCND-C5	8	31052812	31265685	1	0
BCND-C5	8	31335248	32034585	1	0
BCND-C5	8	32265392	32429464	1	0
BCND-C5	8	32518759	33166564	1	0
BCND-C5	8	33555320	34278700	1	0
BCND-C5	8	34302387	34948546	1	0
BCND-C5	8	34954754	37461306	1	0
BCND-C5	8	37487248	37911618	1	0
BCND-C5	9	32203285	32335598	1	0
BCND-C5	9	39329600	39743154	1	0
BCND-C5	9	44906119	45368758	1	0
BCND-C5	9	46038841	66482225	1	0
BCND-C5	9	68725186	68828665	1	0
BCND-C5	10	18700276	18976659	3	0
BCND-C5	10	19927063	20066869	3	0
BCND-C5	10	20350811	20511370	3	0
BCND-C5	10	27346150	27549984	3	0
BCND-C5	10	36604313	36709577	3	0
BCND-C5	10	36901628	37086672	3	0
BCND-C5	10	38162317	38312642	3	0
BCND-C5	10	42968688	44400326	4	0
BCND-C5	10	49082207	49287591	1	0
BCND-C5	10	81514163	81644080	1	0
BCND-C5	10	135375200	135506692	1	0
BCND-C5	11	4256117	4359044	3	0
BCND-C5	11	55863959	59011155	1	0
BCND-C5	11	60465487	60813931	3	0
BCND-C5	11	60880666	61053920	3	0
BCND-C5	11	61894482	62816368	3	0
BCND-C5	11	63253680	63537509	3	0
BCND-C5	11	67621455	67728086	1	0
BCND-C5	11	67731956	68297943	3	0
BCND-C5	11	68303629	68540316	1	0
BCND-C5	11	68547558	70706103	3	0
BCND-C5	11	71150296	71748146	1	0
BCND-C5	11	71751593	71858482	4	0
BCND-C5	11	71862968	72283372	1	0
BCND-C5	11	72433920	72784575	1	0
BCND-C5	11	72784673	72911094	3	0
BCND-C5	11	72972152	73109635	3	0
BCND-C5	11	73219417	73504503	3	0
BCND-C5	11	73539225	73650147	1	0
BCND-C5	11	73745303	74032761	3	0
BCND-C5	11	74051371	74301277	3	0
BCND-C5	11	74345570	74455422	3	0
BCND-C5	11	74464536	75144072	1	0
BCND-C5	11	75289205	75469310	1	0
BCND-C5	11	75587457	75855316	1	0
BCND-C5	11	76008668	76349546	1	0
BCND-C5	11	76483784	76739731	1	0
BCND-C5	11	76917220	77296702	1	0
BCND-C5	11	77346885	77848937	1	0
BCND-C5	11	77928036	79213758	1	0
BCND-C5	11	79269985	86167202	1	0
BCND-C5	11	86249423	86693125	1	0
BCND-C5	11	86795372	86977437	1	0
BCND-C5	11	86993819	91822943	1	0
BCND-C5	11	91823985	93574038	1	0
BCND-C5	11	93585420	94655984	1	0
BCND-C5	11	94662665	95957311	1	0
BCND-C5	11	95979692	98848417	1	0
BCND-C5	11	98873480	101679800	1	0
BCND-C5	11	101734062	101900266	1	0
BCND-C5	11	101987090	107081464	1	0
BCND-C5	11	107224103	107747512	1	0
BCND-C5	11	107784495	107985112	1	0
BCND-C5	11	108213958	111272908	1	0
BCND-C5	11	111330986	112639548	1	0
BCND-C5	11	112686822	113267350	1	0
BCND-C5	11	113322494	114953152	1	0
BCND-C5	11	115042032	115440319	1	0
BCND-C5	11	115538354	116035924	1	0
BCND-C5	11	116093917	117048155	1	0
BCND-C5	11	117433686	118976719	1	0
BCND-C5	11	119042784	119971134	1	0
BCND-C5	11	120146360	120398643	1	0
BCND-C5	11	120521504	121330087	1	0
BCND-C5	11	121364003	121744246	1	0
BCND-C5	11	121808574	122880816	1	0
BCND-C5	11	123138144	123385753	1	0
BCND-C5	11	123487073	124714880	1	0
BCND-C5	11	124775975	125075439	1	0
BCND-C5	11	125097720	125810571	1	0
BCND-C5	11	125840999	125956456	1	0
BCND-C5	11	126072758	126293285	1	0
BCND-C5	11	126356882	126682718	1	0
BCND-C5	11	126707714	127731619	1	0
BCND-C5	11	127747117	128376110	1	0
BCND-C5	11	128382548	128739455	1	0
BCND-C5	11	128823443	129437781	1	0
BCND-C5	11	129492187	129671051	1	0
BCND-C5	11	129840233	130009581	1	0
BCND-C5	11	130090904	130569407	1	0
BCND-C5	11	130606045	131714212	1	0
BCND-C5	11	131760539	132105700	1	0
BCND-C5	11	132160719	133765127	1	0
BCND-C5	11	133874712	134235865	1	0
BCND-C5	11	134288659	134703943	1	0
BCND-C5	11	134718514	134944770	1	0
BCND-C5	12	34434964	34559297	3	0
BCND-C5	12	64188628	81039244	4	0
BCND-C5	13	19045720	19438819	1	0
BCND-C5	13	19814247	20160128	1	0
BCND-C5	13	20567513	20675445	1	0
BCND-C5	13	20769712	20930154	1	0
BCND-C5	13	21197493	21479912	1	0
BCND-C5	13	22335149	22478339	1	0
BCND-C5	13	22585633	23128337	1	0
BCND-C5	13	23168516	23659767	1	0
BCND-C5	13	23755127	23863653	1	0
BCND-C5	13	24000859	24507682	1	0
BCND-C5	13	25043130	25217481	1	0
BCND-C5	13	25353031	25479565	1	0
BCND-C5	13	25518731	25780077	1	0
BCND-C5	13	25846200	26059759	1	0
BCND-C5	13	26082030	26391721	1	0
BCND-C5	13	26557880	27037304	1	0
BCND-C5	13	27082896	27267972	1	0
BCND-C5	13	27627121	27954440	1	0
BCND-C5	13	28098502	28310087	1	0
BCND-C5	13	28450418	28621127	1	0
BCND-C5	13	28700174	28867664	1	0
BCND-C5	13	28885408	30082393	1	0
BCND-C5	13	30178108	30503721	1	0
BCND-C5	13	30750510	31132712	1	0
BCND-C5	13	31168258	31401362	1	0
BCND-C5	13	31435076	31592568	1	0
BCND-C5	13	31686588	32175095	1	0
BCND-C5	13	32194021	32389837	1	0
BCND-C5	13	32532610	32880626	1	0
BCND-C5	13	33153885	33381125	1	0
BCND-C5	13	33664389	35266436	1	0
BCND-C5	13	35284403	35874138	1	0
BCND-C5	13	35909852	36252073	1	0
BCND-C5	13	36287373	37389675	1	0
BCND-C5	13	37600978	37881284	1	0
BCND-C5	13	38168372	39154893	1	0
BCND-C5	13	39180720	39340661	1	0
BCND-C5	13	39359154	40903898	1	0
BCND-C5	13	41146301	41373874	1	0
BCND-C5	13	41491722	42114517	1	0
BCND-C5	13	42139516	42381360	1	0
BCND-C5	13	42404950	42797439	1	0
BCND-C5	13	42842360	43204766	1	0
BCND-C5	13	43207129	43984864	1	0
BCND-C5	13	44022808	44395301	1	0
BCND-C5	13	44457925	44684059	1	0
BCND-C5	13	44734696	44911556	1	0
BCND-C5	13	44967315	45798253	1	0
BCND-C5	13	46047499	46908928	1	0
BCND-C5	13	46927057	47047200	1	0
BCND-C5	13	47083758	47971237	1	0
BCND-C5	13	47990087	48195778	1	0
BCND-C5	13	48214550	48715228	1	0
BCND-C5	13	48886282	49062990	1	0
BCND-C5	13	49183117	49310529	1	0
BCND-C5	13	49331713	49683736	1	0
BCND-C5	13	49917580	50079761	1	0
BCND-C5	13	50280394	51090309	1	0
BCND-C5	13	51189843	51334202	1	0
BCND-C5	13	51367903	51512109	1	0
BCND-C5	13	51663034	51810953	1	0
BCND-C5	13	51916167	52316898	1	0
BCND-C5	13	52530522	52659664	1	0
BCND-C5	13	52708932	53371504	1	0
BCND-C5	13	53488158	54860282	1	0
BCND-C5	13	54907932	55682160	1	0
BCND-C5	13	55691612	56147008	1	0
BCND-C5	13	56198708	57540757	1	0
BCND-C5	13	57577318	57677768	1	0
BCND-C5	13	57789702	58268953	1	0
BCND-C5	13	58291541	59047844	1	0
BCND-C5	13	59083371	60854106	1	0
BCND-C5	13	60907712	62868719	1	0
BCND-C5	13	62943872	63080976	1	0
BCND-C5	13	63112634	63945967	1	0
BCND-C5	13	64003533	65197820	1	0
BCND-C5	13	65216154	66559531	1	0
BCND-C5	13	66589579	67513937	1	0
BCND-C5	13	67519994	69248618	1	0
BCND-C5	13	69259003	69598747	1	0
BCND-C5	13	69642572	69904709	1	0
BCND-C5	13	70028138	70538044	1	0
BCND-C5	13	70554460	70782030	1	0
BCND-C5	13	70833652	73548106	1	0
BCND-C5	13	73688007	74702315	1	0
BCND-C5	13	74752205	75467147	1	0
BCND-C5	13	75490838	75811325	1	0
BCND-C5	13	75916380	76346948	1	0
BCND-C5	13	76362214	77838763	1	0
BCND-C5	13	77865561	79203105	1	0
BCND-C5	13	79251838	80845930	1	0
BCND-C5	13	80957534	81840296	1	0
BCND-C5	13	81888777	82460534	1	0
BCND-C5	13	82546028	83731985	1	0
BCND-C5	13	83752387	84101179	1	0
BCND-C5	13	84147879	84505107	1	0
BCND-C5	13	84515880	84900475	1	0
BCND-C5	13	84978202	85720180	1	0
BCND-C5	13	86018922	86983980	1	0
BCND-C5	13	87112116	88276791	1	0
BCND-C5	13	88336632	89125988	1	0
BCND-C5	13	89161449	89887539	1	0
BCND-C5	13	89909701	91985603	1	0
BCND-C5	13	92027250	92825403	1	0
BCND-C5	13	92850882	93009396	1	0
BCND-C5	13	93045491	93862472	1	0
BCND-C5	13	93883721	95835633	1	0
BCND-C5	13	96006188	96652964	1	0
BCND-C5	13	96685800	97846080	1	0
BCND-C5	13	97875574	98584395	1	0
BCND-C5	13	98665781	98812682	1	0
BCND-C5	13	98840287	99095119	1	0
BCND-C5	13	99237843	99387790	1	0
BCND-C5	13	99483055	99823935	1	0
BCND-C5	13	99886762	100026756	1	0
BCND-C5	13	100160345	100538591	1	0
BCND-C5	13	100653301	100836717	1	0
BCND-C5	13	100845012	101302436	1	0
BCND-C5	13	101356591	101713556	1	0
BCND-C5	13	101748940	101981190	1	0
BCND-C5	13	102013691	103230454	1	0
BCND-C5	13	103389917	103566660	1	0
BCND-C5	13	103590996	103961625	1	0
BCND-C5	13	103976610	104647267	1	0
BCND-C5	13	104674146	106445781	1	0
BCND-C5	13	106455919	107890600	1	0
BCND-C5	13	108036780	108671636	1	0
BCND-C5	13	108686772	109133233	1	0
BCND-C5	13	109202506	109357620	1	0
BCND-C5	13	109380726	109910687	1	0
BCND-C5	13	109966223	110286542	1	0
BCND-C5	13	110566126	110750493	1	0
BCND-C5	13	110860219	111071614	1	0
BCND-C5	13	111344290	111676920	1	0
BCND-C5	13	111800441	112047396	1	0
BCND-C5	13	112284953	112550569	1	0
BCND-C5	13	112622450	112918737	1	0
BCND-C5	13	112988189	113614038	1	0
BCND-C5	13	113825601	114011886	1	0
BCND-C5	13	114221418	115108385	1	0
BCND-C5	14	37893428	38179163	3	0
BCND-C5	15	20016316	22852151	1	0
BCND-C5	15	23123687	25293762	1	0
BCND-C5	15	25509756	25754513	1	0
BCND-C5	16	293389	441809	3	0
BCND-C5	16	840378	1517778	3	0
BCND-C5	16	1541526	1695779	3	0
BCND-C5	16	1903651	2256807	3	0
BCND-C5	16	4029686	4155089	3	0
BCND-C5	16	4406883	4525270	3	0
BCND-C5	16	7759999	7915138	3	0
BCND-C5	16	8954322	9076711	3	0
BCND-C5	16	10606792	10795115	3	0
BCND-C5	16	10853868	11106707	3	0
BCND-C5	16	11660702	11800768	3	0
BCND-C5	16	11959463	12131121	3	0
BCND-C5	16	13540965	13738662	3	0
BCND-C5	16	14034366	14499280	3	0
BCND-C5	16	15687854	16079201	3	0
BCND-C5	16	17147962	17254584	3	0
BCND-C5	16	17601114	17747533	3	0
BCND-C5	16	18007223	18113614	3	0
BCND-C5	16	18936109	19148750	3	0
BCND-C5	16	19411803	19544310	3	0
BCND-C5	16	19978897	20143640	3	0
BCND-C5	16	20293518	20404973	3	0
BCND-C5	16	22047223	22351557	3	0
BCND-C5	16	23320321	23776687	3	0
BCND-C5	16	23964004	24250605	3	0
BCND-C5	16	24600668	24778442	3	0
BCND-C5	16	24819081	25309699	3	0
BCND-C5	16	25444654	25554630	3	0
BCND-C5	16	27441592	27825310	3	0
BCND-C5	16	28264293	28389578	3	0
BCND-C5	16	30370169	30615185	3	0
BCND-C5	16	31333417	31753927	3	0
BCND-C5	16	31820153	31960139	3	0
BCND-C5	16	33338112	33773053	1	0
BCND-C5	16	33998963	34512043	1	0
BCND-C5	16	34517294	47046010	1	0
BCND-C5	16	47189175	48112881	1	0
BCND-C5	16	48247378	48377057	1	0
BCND-C5	16	48569802	48912646	1	0
BCND-C5	16	49006684	49441472	1	0
BCND-C5	16	49590434	49696479	1	0
BCND-C5	16	49839248	50302560	1	0
BCND-C5	16	50348409	50563647	1	0
BCND-C5	16	50733374	51493551	1	0
BCND-C5	16	51595999	53387885	1	0
BCND-C5	16	53483667	54090589	1	0
BCND-C5	16	54419632	54768020	1	0
BCND-C5	16	54776005	55092141	1	0
BCND-C5	16	55116390	55481221	1	0
BCND-C5	16	55504827	55717077	1	0
BCND-C5	16	55739006	56339226	1	0
BCND-C5	16	56411756	56634978	1	0
BCND-C5	16	56718742	57015545	1	0
BCND-C5	16	57170354	57285547	1	0
BCND-C5	16	57473098	57641331	1	0
BCND-C5	16	57837234	58519573	1	0
BCND-C5	16	58568117	59377850	1	0
BCND-C5	16	59444778	60382085	1	0
BCND-C5	16	60424690	62538466	1	0
BCND-C5	16	62564657	62834891	1	0
BCND-C5	16	62837896	63026371	3	0
BCND-C5	16	63035887	63545956	1	0
BCND-C5	16	63559987	64916828	1	0
BCND-C5	16	64956193	65468226	1	0
BCND-C5	16	65479339	65809044	1	0
BCND-C5	16	65837233	66356719	1	0
BCND-C5	16	66554540	66921409	1	0
BCND-C5	16	67254088	67944166	1	0
BCND-C5	16	68019450	68387496	1	0
BCND-C5	16	68447057	68893953	1	0
BCND-C5	16	68954633	69116681	1	0
BCND-C5	16	69198163	69337403	1	0
BCND-C5	16	69474517	69716692	1	0
BCND-C5	16	69832912	70701137	1	0
BCND-C5	16	71098692	71331247	1	0
BCND-C5	16	71446358	71856395	1	0
BCND-C5	16	72065146	72574472	1	0
BCND-C5	16	72676016	72816969	1	0
BCND-C5	16	73032654	73378934	1	0
BCND-C5	16	73425760	74627629	1	0
BCND-C5	16	74803631	75608071	1	0
BCND-C5	16	75803688	76160272	1	0
BCND-C5	16	76206831	76392492	1	0
BCND-C5	16	76404438	76538642	1	0
BCND-C5	16	76623149	76909874	1	0
BCND-C5	16	76935639	77146214	0	0
BCND-C5	16	77252290	77534603	1	0
BCND-C5	16	77544678	77923006	1	0
BCND-C5	16	77998122	78112285	1	0
BCND-C5	16	78148744	78516073	1	0
BCND-C5	16	78545348	78718027	1	0
BCND-C5	16	78738727	78874522	1	0
BCND-C5	16	79063673	80136018	1	0
BCND-C5	16	80156675	80498094	1	0
BCND-C5	16	80666376	80905026	1	0
BCND-C5	16	80964406	81115687	1	0
BCND-C5	16	81154448	81557185	1	0
BCND-C5	16	81758463	82410073	1	0
BCND-C5	16	82420724	83630501	1	0
BCND-C5	16	83687469	83886924	1	0
BCND-C5	16	84030289	84333760	1	0
BCND-C5	16	84561959	84840883	1	0
BCND-C5	16	84987947	85153824	1	0
BCND-C5	16	85679484	86063764	1	0
BCND-C5	16	86120246	86389194	1	0
BCND-C5	16	86771069	86871069	1	0
BCND-C5	16	87383638	87655496	1	0
BCND-C5	16	87748198	88009645	1	0
BCND-C5	16	88516171	88757020	1	0
BCND-C5	16	89162252	89632423	1	0
BCND-C5	16	89828400	90058072	1	0
BCND-C5	16	90112226	90287523	1	0
BCND-C5	17	176113	626178	1	0
BCND-C5	17	764106	880705	1	0
BCND-C5	17	961900	1343688	1	0
BCND-C5	17	1424948	1895906	1	0
BCND-C5	17	1997444	2269769	1	0
BCND-C5	17	2444924	2750706	1	0
BCND-C5	17	2875748	3020184	1	0
BCND-C5	17	3040941	3710916	1	0
BCND-C5	17	3725899	4020044	1	0
BCND-C5	17	4550189	4667543	1	0
BCND-C5	17	4856376	4995136	1	0
BCND-C5	17	5179481	5387516	1	0
BCND-C5	17	5444717	5951913	1	0
BCND-C5	17	6000592	6352041	1	0
BCND-C5	17	6461579	6591067	1	0
BCND-C5	17	6721327	6871481	1	0
BCND-C5	17	6954140	7106011	1	0
BCND-C5	17	7354132	7887856	1	0
BCND-C5	17	8249446	8511359	1	0
BCND-C5	17	8853776	8961065	1	0
BCND-C5	17	9176225	9328097	1	0
BCND-C5	17	9504916	9819685	1	0
BCND-C5	17	9917061	10104105	1	0
BCND-C5	17	10278676	10498196	1	0
BCND-C5	17	10776506	11236791	1	0
BCND-C5	17	11326204	11512836	1	0
BCND-C5	17	11855397	12060563	1	0
BCND-C5	17	12106602	12673103	1	0
BCND-C5	17	12695750	12805648	1	0
BCND-C5	17	13028293	13184883	1	0
BCND-C5	17	13332688	13458761	1	0
BCND-C5	17	13612175	14070977	1	0
BCND-C5	17	14164815	14332986	1	0
BCND-C5	17	14513252	14644059	1	0
BCND-C5	17	14702700	14888459	1	0
BCND-C5	17	14946012	15143570	1	0
BCND-C5	17	15568884	15729751	1	0
BCND-C5	17	15896968	16294523	1	0
BCND-C5	17	16399800	16722789	1	0
BCND-C5	17	16910909	17012523	1	0
BCND-C5	17	17066229	17218926	1	0
BCND-C5	17	17268773	17405504	1	0
BCND-C5	17	17773154	18017227	1	0
BCND-C5	17	18174423	18839822	1	0
BCND-C5	17	18950855	19050914	1	0
BCND-C5	17	19317420	19614993	1	0
BCND-C5	17	20540214	20898014	1	0
BCND-C5	17	20927886	21228043	1	0
BCND-C5	17	21380429	21793897	1	0
BCND-C5	17	22027011	22235650	1	0
BCND-C5	17	34440786	34543331	3	0
BCND-C5	17	36476421	37839397	3	0
BCND-C5	17	37881541	38243852	3	0
BCND-C5	17	38527758	38999788	3	0
BCND-C5	19	6503296	7097627	1	0
BCND-C5	19	7344974	7614677	1	0
BCND-C5	19	7736442	8990899	1	0
BCND-C5	19	9372194	10586984	4	0
BCND-C5	19	10607932	16004482	3	0
BCND-C5	19	43268611	43542819	1	0
BCND-C5	19	49564124	53150130	3	0
BCND-C5	19	53831490	53974259	3	0
BCND-C5	19	54015048	54175439	3	0
BCND-C5	19	54901773	55055857	3	0
BCND-C5	19	55113285	55213505	3	0
BCND-C5	19	56400809	56503218	3	0
BCND-C5	19	56608629	58305560	3	0
BCND-C5	19	58617551	59004231	3	0
BCND-C5	21	10736859	10940630	1	0
BCND-C5	22	45924094	46037617	3	0
BCND-C5	X	387713	513590	1	0
BCND-C5	X	58326369	64340914	1	0
BCND-C5	X	65078522	67248834	1	0
BCND-C5	X	67263293	68082302	1	0
BCND-C5	X	68170678	68412283	1	0
BCND-C5	X	68561801	68722331	1	0
BCND-C5	X	68776768	69041595	1	0
BCND-C5	X	73763084	75295615	1	0
BCND-C5	X	75389174	76941770	1	0
BCND-C5	X	82016549	84165755	1	0
BCND-C5	X	84260105	86531703	1	0
BCND-C5	X	86626678	88640233	1	0
BCND-C5	X	88881906	90268005	1	0
BCND-C5	X	90346260	90677266	1	0
BCND-C5	X	90706352	93646961	1	0
BCND-C5	X	93699365	95705389	1	0
BCND-C5	X	95750078	95860898	1	0
BCND-C5	X	96002981	96349421	1	0
BCND-C5	X	96598940	100257227	1	0
BCND-C5	X	100543990	105360943	1	0
BCND-C5	X	105422998	106145207	1	0
BCND-C5	X	106228528	106824107	1	0
BCND-C5	X	107027791	109355128	1	0
BCND-C5	X	109430065	111941528	1	0
BCND-C5	X	112096943	115013020	1	0
BCND-C5	X	115038170	116524143	1	0
BCND-C5	X	116543980	117497613	1	0
BCND-C5	X	117564946	117926781	1	0
BCND-C5	X	118116268	118276003	1	0
BCND-C5	X	118291392	118499498	1	0
BCND-C5	X	118556967	118796092	1	0
BCND-C5	X	119052155	120720464	1	0
BCND-C5	X	120750779	121942831	1	0
BCND-C5	X	121978166	122810926	1	0
BCND-C5	X	123149659	128721584	1	0
BCND-C5	X	128764606	128897040	1	0
BCND-C5	X	128962812	129132955	1	0
BCND-C5	X	129261634	130524715	1	0
BCND-C5	X	130920788	132299669	1	0
BCND-C5	X	132340508	132530475	1	0
BCND-C5	X	132676714	133579473	1	0
BCND-C5	X	133689246	134075573	1	0
BCND-C5	X	134296626	137556024	1	0
BCND-C5	X	137575670	138948042	1	0
BCND-C5	X	139111397	139781457	1	0
BCND-C5	X	139816730	140036390	1	0
BCND-C5	X	140068695	140500857	1	0
BCND-C5	X	140692750	141004516	1	0
BCND-C5	X	141047741	141277544	1	0
BCND-C5	X	141334743	141722419	1	0
BCND-C5	X	141784460	145379520	1	0
BCND-C5	X	145394165	148566700	1	0
BCND-C5	X	148710267	149633357	1	0
BCND-C5	X	149745477	149908236	1	0
BCND-C5	X	149947213	150184605	1	0
BCND-C5	X	150246684	150835132	1	0
BCND-C5	X	150929566	152028388	1	0
BCND-C5	X	152088252	152713660	1	0
BCND-C5	X	153269115	153567607	1	0
BCND-C5	X	153826262	154929486	1	0
BCND-C5	X	154964043	155233846	1	0
BCND-N5	1	61723	564621	1	0
BCND-N5	1	144887881	144999419	1	0
BCND-N5	1	243128212	243274530	1	0
BCND-N5	2	91653934	91796672	1	0
BCND-N5	3	50388383	50656440	3	0
BCND-N5	3	162508256	162626591	1	0
BCND-N5	4	69374929	69521397	1	0
BCND-N5	5	46278212	49464294	1	0
BCND-N5	7	61076022	61839483	1	0
BCND-N5	8	7385255	7832042	1	0
BCND-N5	8	11949539	12162770	1	0
BCND-N5	8	12241801	12390152	1	0
BCND-N5	9	39313808	39743154	1	0
BCND-N5	9	46038841	66482225	1	0
BCND-N5	9	68725186	69567855	1	0
BCND-N5	10	42477859	42760904	1	0
BCND-N5	10	49082207	49287591	1	0
BCND-N5	10	81523294	81644080	1	0
BCND-N5	11	50747214	51228076	1	0
BCND-N5	11	51282884	51384235	1	0
BCND-N5	12	34434964	34559297	3	0
BCND-N5	16	14939328	15094696	1	0
BCND-N5	16	32413221	32808579	1	0
BCND-N5	16	33097410	33773053	1	0
BCND-N5	17	34439966	34543331	4	0
BCND-N5	17	60451882	60572934	1	0
BCND-N5	19	43268611	43549002	1	0
BCND-N5	21	14456404	14570562	1	0
BCND-N5	22	16152021	16395150	1	0
BCND-C1	1	61723	718651	1	0
BCND-C1	1	3292028	3540212	3	0
BCND-C1	1	243117131	243274530	1	0
BCND-C1	2	91653350	91796672	1	0
BCND-C1	2	130767638	130917152	1	0
BCND-C1	3	50388383	50617579	3	0
BCND-C1	3	51950099	52108047	3	0
BCND-C1	3	53737161	53884031	3	0
BCND-C1	4	49291343	49658600	1	0
BCND-C1	4	189104539	189206463	3	0
BCND-C1	5	46273316	49459523	1	0
BCND-C1	7	61728395	61888128	1	0
BCND-C1	7	64950881	65076447	1	0
BCND-C1	7	76153336	76303291	1	0
BCND-C1	7	102238120	102347032	1	0
BCND-C1	8	7029978	7250368	1	0
BCND-C1	8	12240150	12390152	1	0
BCND-C1	8	28193793	28303765	3	0
BCND-C1	8	47009583	47175405	3	0
BCND-C1	9	46038841	46375530	0	0
BCND-C1	9	68725186	68828665	1	0
BCND-C1	11	48724436	48849402	1	0
BCND-C1	11	50523890	50643903	1	0
BCND-C1	11	71477568	71611076	1	0
BCND-C1	11	76748182	76898338	3	0
BCND-C1	12	34447907	34559297	4	0
BCND-C1	12	38014006	38262454	1	0
BCND-C1	14	19002112	19117985	1	0
BCND-C1	14	19453314	19938429	1	0
BCND-C1	16	32395607	32808579	1	0
BCND-C1	16	33338112	33926291	1	0
BCND-C1	16	70124753	70286550	1	0
BCND-C1	17	44394400	44752288	1	0
BCND-C1	17	78982143	79113441	3	0
BCND-C1	22	16102407	16395150	1	0
BCND-C1	22	18650682	18876416	1	0
BCND-C1	X	6977489	7088217	3	0
BCND-C1	X	16695503	16834659	3	0
BCND-C1	X	18239219	18510695	3	0
BCND-C1	X	44528874	44790613	3	0
BCND-C1	X	152713660	152823318	3	0
BCND-C1	Y	3819028	3931646	1	0
BCND-C4	1	3294217	3540212	3	0
BCND-C4	1	12852748	13159071	1	0
BCND-C4	1	148530424	148747641	1	0
BCND-C4	1	149036512	149259404	3	0
BCND-C4	3	75527170	75656059	1	0
BCND-C4	3	95158751	95374182	1	0
BCND-C4	3	125435251	125669036	1	0
BCND-C4	3	129806040	129931611	1	0
BCND-C4	3	136418751	136540756	1	0
BCND-C4	3	141937953	142116587	1	0
BCND-C4	3	159951044	160067399	1	0
BCND-C4	3	162512645	162625983	1	0
BCND-C4	3	172410989	172565558	1	0
BCND-C4	3	175646541	175756191	1	0
BCND-C4	3	193054288	193198164	1	0
BCND-C4	3	195937678	196091867	1	0
BCND-C4	4	4032775	4176617	1	0
BCND-C4	4	9418040	9615079	1	0
BCND-C4	4	69371991	69558259	1	0
BCND-C4	4	70127632	70278437	0	0
BCND-C4	4	190854445	191020138	1	0
BCND-C4	5	68846291	69313676	1	0
BCND-C4	6	149649	294825	1	0
BCND-C4	6	364408	13248588	1	0
BCND-C4	6	81553593	82193361	1	0
BCND-C4	6	86145784	88130223	1	0
BCND-C4	6	91953838	129734730	1	0
BCND-C4	6	133747095	134346260	1	0
BCND-C4	6	138402872	139464275	1	0
BCND-C4	6	144839072	147109036	1	0
BCND-C4	6	147152882	151515172	1	0
BCND-C4	6	162387504	163631537	1	0
BCND-C4	6	163662406	169559095	1	0
BCND-C4	6	169671614	170982522	1	0
BCND-C4	7	61255381	61840523	1	0
BCND-C4	7	64950881	65069105	1	0
BCND-C4	7	102238120	102347032	1	0
BCND-C4	7	143909223	144074929	1	0
BCND-C4	8	46386	397209	1	0
BCND-C4	8	622968	1360113	1	0
BCND-C4	8	1613232	1920507	1	0
BCND-C4	8	1959287	2125638	1	0
BCND-C4	8	2193915	2442923	1	0
BCND-C4	8	2522769	2703887	0	0
BCND-C4	8	2777515	3197783	1	0
BCND-C4	8	3230700	3896932	1	0
BCND-C4	8	3996609	4485185	1	0
BCND-C4	8	4519946	4803295	1	0
BCND-C4	8	4818950	4969414	1	0
BCND-C4	8	5076575	5777015	1	0
BCND-C4	8	5802074	6072440	1	0
BCND-C4	8	6107427	6329561	1	0
BCND-C4	8	6643122	8124510	1	0
BCND-C4	8	8159682	8313010	1	0
BCND-C4	8	8444507	8687325	1	0
BCND-C4	8	8738005	10055077	1	0
BCND-C4	8	10105661	10260837	1	0
BCND-C4	8	10445591	10566830	1	0
BCND-C4	8	10585683	10863631	1	0
BCND-C4	8	10891395	12247145	1	0
BCND-C4	8	12260915	13165224	1	0
BCND-C4	8	13353848	13499387	1	0
BCND-C4	8	13519449	14506792	1	0
BCND-C4	8	14510687	14743811	1	0
BCND-C4	8	14815936	15755065	1	0
BCND-C4	8	15757611	16843277	1	0
BCND-C4	8	17146299	18072401	1	0
BCND-C4	8	18221791	18664444	1	0
BCND-C4	8	18679795	19178070	1	0
BCND-C4	8	19225839	19699482	1	0
BCND-C4	8	19762702	20116942	1	0
BCND-C4	8	20184824	20289387	1	0
BCND-C4	8	20338846	20785819	1	0
BCND-C4	8	20915540	21276507	1	0
BCND-C4	8	21307900	21552051	1	0
BCND-C4	8	21650197	23166281	1	0
BCND-C4	8	23200642	23372038	1	0
BCND-C4	8	23435158	24722565	1	0
BCND-C4	8	24823693	24972187	1	0
BCND-C4	8	24991092	25584329	1	0
BCND-C4	8	25653123	25888730	1	0
BCND-C4	8	25935564	26123632	1	0
BCND-C4	8	26146662	26591513	1	0
BCND-C4	8	26698047	27296720	1	0
BCND-C4	8	27433675	27714922	1	0
BCND-C4	8	27863616	28069928	1	0
BCND-C4	8	28448702	28718331	1	0
BCND-C4	8	28752105	30057189	1	0
BCND-C4	8	30087617	30261673	1	0
BCND-C4	8	30315026	32038436	1	0
BCND-C4	8	32256857	36367630	1	0
BCND-C4	8	36416504	37897772	1	0
BCND-C4	8	37902885	39235591	1	0
BCND-C4	8	39388287	47001637	1	0
BCND-C4	8	47196014	50028205	1	0
BCND-C4	8	53061347	53679558	3	0
BCND-C4	8	54584436	54943920	3	0
BCND-C4	8	55271023	56868917	3	0
BCND-C4	8	56965545	57386804	3	0
BCND-C4	8	57533063	58309378	3	0
BCND-C4	8	58695807	59230789	3	0
BCND-C4	8	59616045	60025350	3	0
BCND-C4	8	60063190	60819377	3	0
BCND-C4	8	61029613	61295833	3	0
BCND-C4	8	61624353	62405203	3	0
BCND-C4	8	62558137	64848624	3	0
BCND-C4	8	64849711	68518189	3	0
BCND-C4	8	68782835	69549559	3	0
BCND-C4	8	70211572	70696133	3	0
BCND-C4	8	71019191	71663805	3	0
BCND-C4	8	72105375	72533336	3	0
BCND-C4	8	72653278	73309471	3	0
BCND-C4	8	73779821	73897027	3	0
BCND-C4	8	74018191	74226154	3	0
BCND-C4	8	74682161	75028652	3	0
BCND-C4	8	75119710	75352431	3	0
BCND-C4	8	75554382	78812018	3	0
BCND-C4	8	79335491	79800412	3	0
BCND-C4	8	79881797	80537535	3	0
BCND-C4	8	80767590	80956547	3	0
BCND-C4	8	81414802	81820700	3	0
BCND-C4	8	81892766	82893067	3	0
BCND-C4	8	82916953	86023241	3	0
BCND-C4	8	86236978	86539672	3	0
BCND-C4	8	87605131	87841368	3	0
BCND-C4	8	88057648	90207674	3	0
BCND-C4	8	90488538	91481112	3	0
BCND-C4	8	91631847	91846061	3	0
BCND-C4	8	92146939	92921486	3	0
BCND-C4	8	93036176	93659753	3	0
BCND-C4	8	93752226	94946762	3	0
BCND-C4	8	95261955	95555083	3	0
BCND-C4	8	96209272	97345749	3	0
BCND-C4	8	99263847	99584896	3	0
BCND-C4	8	100432641	100676954	3	0
BCND-C4	8	102874272	103425640	3	0
BCND-C4	8	105239794	105460030	3	0
BCND-C4	8	106077035	107662722	3	0
BCND-C4	8	109416559	109953500	3	0
BCND-C4	8	110822842	111191804	3	0
BCND-C4	8	111933780	112405641	3	0
BCND-C4	8	112827045	113717704	3	0
BCND-C4	8	113958358	114448169	3	0
BCND-C4	8	115474758	115632043	3	0
BCND-C4	8	115758712	115945911	3	0
BCND-C4	8	116277171	116710586	3	0
BCND-C4	8	119552755	119702489	3	0
BCND-C4	8	120066518	120653533	3	0
BCND-C4	8	121256984	121608438	3	0
BCND-C4	8	122165721	122477611	3	0
BCND-C4	8	122795182	123056196	3	0
BCND-C4	8	124264584	124687921	3	0
BCND-C4	8	125147381	125619991	3	0
BCND-C4	8	129212328	129486487	3	0
BCND-C4	8	130544845	130671748	3	0
BCND-C4	8	131155861	131443505	3	0
BCND-C4	8	132837383	133023163	3	0
BCND-C4	8	133272092	133872310	3	0
BCND-C4	8	134839219	134976065	3	0
BCND-C4	8	135418255	135635576	3	0
BCND-C4	8	136462826	136715827	3	0
BCND-C4	8	138263163	138578121	3	0
BCND-C4	8	138677857	138990469	3	0
BCND-C4	8	139434469	139642798	3	0
BCND-C4	8	139854275	140132848	3	0
BCND-C4	8	141475211	143697555	3	0
BCND-C4	8	144392918	144699145	3	0
BCND-C4	8	144718977	144837330	3	0
BCND-C4	9	44993286	66482225	1	0
BCND-C4	10	12317898	12465704	1	0
BCND-C4	10	16586339	16694411	1	0
BCND-C4	10	32428630	32585474	1	0
BCND-C4	10	38569877	42790016	1	0
BCND-C4	10	46206627	46961578	1	0
BCND-C4	10	47695269	47967299	1	0
BCND-C4	10	51335017	51493067	1	0
BCND-C4	11	67621455	67728086	1	0
BCND-C4	12	8004413	8123225	3	0
BCND-C4	12	34434964	34557577	3	0
BCND-C4	14	65371337	66405430	1	0
BCND-C4	14	66469594	67151439	1	0
BCND-C4	14	67178064	67729527	1	0
BCND-C4	14	67806108	69006755	1	0
BCND-C4	14	69068110	69280309	1	0
BCND-C4	14	69324446	71112656	1	0
BCND-C4	14	71132235	73147037	1	0
BCND-C4	14	73187270	73715381	1	0
BCND-C4	14	73814253	74969167	1	0
BCND-C4	14	75026597	75755192	1	0
BCND-C4	14	80370382	80886734	3	0
BCND-C4	14	81477976	81812956	3	0
BCND-C4	14	84118602	84237782	3	0
BCND-C4	14	87836780	87976455	3	0
BCND-C4	14	90973750	91100736	3	0
BCND-C4	14	92350614	92585679	3	0
BCND-C4	14	93381705	93580172	3	0
BCND-C4	15	22301994	22582902	1	0
BCND-C4	15	30502074	30900866	1	0
BCND-C4	16	14888583	15116245	1	0
BCND-C4	16	21412391	21593622	1	0
BCND-C4	16	22577578	22710730	1	0
BCND-C4	16	29345440	29517699	1	0
BCND-C4	16	32146874	32808579	1	0
BCND-C4	16	32950241	33773053	1	0
BCND-C4	16	70151515	70254647	1	0
BCND-C4	17	43585744	43693538	1	0
BCND-C4	17	58318302	58433865	1	0
BCND-C4	17	60285107	60644665	1	0
BCND-C4	17	80503952	80653032	1	0
BCND-C4	22	18650682	18877787	1	0
BCND-C4	22	21460486	21611337	1	0
BCND-C4	X	152713153	152845456	3	0
BCND-C13	2	89593743	90321385	3	0
BCND-C13	4	70785987	71021940	3	0
BCND-C13	9	69178874	69825628	1	0
BCND-C13	15	20284054	22681064	3	0
BCND-C13	17	36979783	38447569	3	0
BCND-C13	17	46697758	48606606	3	0
BCND-C13	17	48751864	51524779	3	0
BCND-C13	17	51642776	52794475	3	0
BCND-C13	17	53279939	53831152	3	0
BCND-C13	17	65073549	65984472	3	0
BCND-C13	19	43294378	43542819	1	0
BCND-C13	Y	3423828	3539834	1	0
BCND-C13	Y	3819028	3931646	1	0
BCND-C13	Y	4805510	4925021	1	0
BCND-C13	Y	5785892	5949422	1	0
BCND-C14	1	6946508	7150933	1	0
BCND-C14	1	7927510	8643497	1	0
BCND-C14	1	14030701	14196769	1	0
BCND-C14	1	14652782	14790931	1	0
BCND-C14	1	29035966	29262558	1	0
BCND-C14	1	30496296	30596560	1	0
BCND-C14	1	31517745	31790414	1	0
BCND-C14	1	31852868	31983510	1	0
BCND-C14	1	145115473	174794490	3	0
BCND-C14	1	174802122	189320101	3	0
BCND-C14	1	189547501	202505283	3	0
BCND-C14	1	202629909	209983078	3	0
BCND-C14	1	210064188	229787030	3	0
BCND-C14	1	229831978	234884718	3	0
BCND-C14	1	234962529	243056401	3	0
BCND-C14	1	243293115	248737435	3	0
BCND-C14	1	248817382	249188643	3	0
BCND-C14	4	69371991	69489323	4	0
BCND-C14	5	722193	825641	3	0
BCND-C14	7	1612831	1847843	3	0
BCND-C14	7	2167848	2405127	3	0
BCND-C14	7	3460355	3590003	3	0
BCND-C14	7	3644945	4071921	3	0
BCND-C14	7	5674006	5817636	3	0
BCND-C14	7	8484544	8670213	3	0
BCND-C14	7	9514144	9804555	3	0
BCND-C14	7	10075407	10267547	3	0
BCND-C14	7	10382198	10843203	3	0
BCND-C14	7	11119938	11234711	3	0
BCND-C14	7	11621022	11782637	3	0
BCND-C14	7	12964294	13139565	3	0
BCND-C14	7	13240303	13485534	3	0
BCND-C14	7	13635158	13980604	3	0
BCND-C14	7	14169632	14303690	3	0
BCND-C14	7	14487514	14720969	3	0
BCND-C14	7	14801262	15309359	3	0
BCND-C14	7	16287099	16407364	3	0
BCND-C14	7	16565133	16729095	3	0
BCND-C14	7	17681558	18769591	3	0
BCND-C14	7	18798830	19014202	3	0
BCND-C14	7	19333587	19545299	3	0
BCND-C14	7	20006415	21185383	3	0
BCND-C14	7	21403759	21657130	3	0
BCND-C14	7	23739455	23840003	3	0
BCND-C14	7	24248127	24382726	3	0
BCND-C14	7	26635186	26992123	3	0
BCND-C14	7	29139440	29276692	3	0
BCND-C14	7	30631676	30869622	3	0
BCND-C14	7	31215377	31329294	3	0
BCND-C14	7	32660790	32968136	3	0
BCND-C14	7	33554672	33716220	3	0
BCND-C14	7	34154834	35278990	3	0
BCND-C14	7	40795814	41203604	3	0
BCND-C14	7	41295663	41403544	3	0
BCND-C14	7	42270322	42401203	3	0
BCND-C14	7	42580497	42864685	3	0
BCND-C14	7	44203405	44606217	3	0
BCND-C14	7	45906885	46164562	3	0
BCND-C14	7	46334152	46536510	3	0
BCND-C14	7	48895330	49067654	3	0
BCND-C14	7	49534601	49669030	3	0
BCND-C14	7	49918661	50143944	3	0
BCND-C14	7	55304166	55431961	3	0
BCND-C14	7	56735128	56851932	3	0
BCND-C14	7	63296018	63442369	3	0
BCND-C14	7	63895330	63998361	3	0
BCND-C14	7	68430159	68570184	3	0
BCND-C14	7	75546892	75690064	3	0
BCND-C14	7	78094510	78447480	3	0
BCND-C14	7	78615062	78833274	3	0
BCND-C14	7	78952979	79152001	3	0
BCND-C14	7	80978876	81359051	3	0
BCND-C14	7	84401937	84562497	3	0
BCND-C14	7	85803265	86054129	3	0
BCND-C14	7	88400889	88555077	3	0
BCND-C14	7	88809649	88911596	3	0
BCND-C14	7	89230042	89379860	3	0
BCND-C14	7	91235433	91378000	3	0
BCND-C14	7	103397082	103589396	3	0
BCND-C14	7	104152361	104277049	3	0
BCND-C14	7	104729185	105158044	3	0
BCND-C14	7	105483775	105588930	3	0
BCND-C14	7	106429303	107232782	3	0
BCND-C14	7	108970021	109459176	3	0
BCND-C14	7	109590911	109883122	3	0
BCND-C14	7	110174855	110682872	3	0
BCND-C14	7	110733717	111247924	3	0
BCND-C14	7	111545812	112111416	3	0
BCND-C14	7	112363339	112474647	3	0
BCND-C14	7	112541326	112771090	3	0
BCND-C14	7	113082597	113770431	3	0
BCND-C14	7	113833349	114057559	3	0
BCND-C14	7	115056363	115293846	3	0
BCND-C14	7	115676712	115862433	3	0
BCND-C14	7	115941666	116081954	3	0
BCND-C14	7	116716892	116889134	3	0
BCND-C14	7	117132919	117308205	3	0
BCND-C14	7	117649237	118367111	3	0
BCND-C14	7	120973184	121118561	3	0
BCND-C14	7	122285798	122473296	3	0
BCND-C14	7	122545301	122889404	3	0
BCND-C14	7	124373320	124713616	3	0
BCND-C14	7	125366033	125573719	3	0
BCND-C14	7	125764211	125870224	3	0
BCND-C14	7	126327421	126579967	3	0
BCND-C14	7	126935470	127105711	3	0
BCND-C14	7	128589492	128695646	3	0
BCND-C14	7	135043388	135205556	3	0
BCND-C14	7	136718898	136880693	3	0
BCND-C14	7	137380919	137540270	3	0
BCND-C14	7	138130565	138287669	3	0
BCND-C14	7	139339470	139558554	3	0
BCND-C14	7	143448367	143651415	3	0
BCND-C14	7	144211550	144328453	3	0
BCND-C14	7	145307813	145792848	3	0
BCND-C14	7	146139906	146525850	3	0
BCND-C14	7	147116971	147268036	3	0
BCND-C14	7	147968629	148087594	3	0
BCND-C14	7	149238034	149390390	3	0
BCND-C14	7	150917617	151368367	3	0
BCND-C14	7	154187947	154432315	3	0
BCND-C14	7	154715140	154885456	3	0
BCND-C14	7	155063673	155237078	3	0
BCND-C14	7	155410333	155556697	3	0
BCND-C14	7	157323847	157474071	3	0
BCND-C14	7	157674851	158051918	3	0
BCND-C14	7	158195814	158450122	3	0
BCND-C14	8	46386	2701922	3	0
BCND-C14	8	2707159	5594132	3	0
BCND-C14	8	5613104	6825840	3	0
BCND-C14	8	7250368	11897177	3	0
BCND-C14	8	12653521	38279688	3	0
BCND-C14	8	38295542	39235591	3	0
BCND-C14	8	39388287	40771984	3	0
BCND-C14	8	40783668	43414155	3	0
BCND-C14	8	47382789	70952739	3	0
BCND-C14	8	70979380	84633804	3	0
BCND-C14	8	84688565	96445002	3	0
BCND-C14	8	96456778	100819889	3	0
BCND-C14	8	100883013	102419151	3	0
BCND-C14	8	102465957	114485824	3	0
BCND-C14	8	114592689	115143048	3	0
BCND-C14	8	115197476	134462291	3	0
BCND-C14	8	134569002	135058308	3	0
BCND-C14	8	135075197	135440615	3	0
BCND-C14	8	135537773	135998104	3	0
BCND-C14	8	136050674	136176415	3	0
BCND-C14	8	136372322	142084261	3	0
BCND-C14	8	142205237	142329398	3	0
BCND-C14	8	142461694	144191751	3	0
BCND-C14	8	144364213	146298143	3	0
BCND-C14	14	19562127	20422583	3	0
BCND-C14	16	60765	35283214	3	0
BCND-C14	17	34436708	34629684	3	0
BCND-C14	17	44408650	44752288	3	0
BCND-C14	19	1846099	2021909	1	0
BCND-C14	19	6791879	6906850	1	0
BCND-C14	19	11101719	11263493	1	0
BCND-C14	19	11618132	11782502	1	0
BCND-C14	19	11978716	12577865	1	0
BCND-C14	19	14842242	14965827	1	0
BCND-C14	19	17777508	18170962	1	0
BCND-C14	19	19649748	19750888	1	0
BCND-C14	19	19835741	20000701	1	0
BCND-C14	19	20066654	20447575	1	0
BCND-C14	19	20575721	20858625	1	0
BCND-C14	19	21053665	21400130	1	0
BCND-C14	19	21635629	22081275	1	0
BCND-C14	19	22342973	22495157	1	0
BCND-C14	19	22688517	23126406	1	0
BCND-C14	19	23416567	23520015	1	0
BCND-C14	19	23709320	24043439	1	0
BCND-C14	19	24236502	24596738	1	0
BCND-C14	19	28173873	28414025	1	0
BCND-C14	19	28507515	28784225	1	0
BCND-C14	19	29040045	29154849	1	0
BCND-C14	19	30711169	30826686	1	0
BCND-C14	19	31716124	31834066	1	0
BCND-C14	19	32016738	32182075	1	0
BCND-C14	19	32270331	32579416	1	0
BCND-C14	19	32713125	33106742	1	0
BCND-C14	19	33128408	33530395	1	0
BCND-C14	19	33681470	33798325	1	0
BCND-C14	19	34155686	34258473	1	0
BCND-C14	19	34599808	34872382	1	0
BCND-C14	19	35040060	35337753	1	0
BCND-C14	19	35377460	35503642	1	0
BCND-C14	20	2481263	2632010	3	0
BCND-C14	20	4797284	4926222	3	0
BCND-C14	20	7254694	7533059	3	0
BCND-C14	20	13450273	13595807	3	0
BCND-C14	20	16676204	16879250	3	0
BCND-C14	20	17931095	18181706	3	0
BCND-C14	20	24950017	25132693	3	0
BCND-C14	20	34197365	34334090	3	0
BCND-C14	Y	5683812	5845186	1	0
